year,country_code,metric_code,mean,sd,lobound_10,upbound_90
2017,AGO,disap,6.0382442,1.0052532,4.7515202,7.3249683
2018,AGO,disap,6.8631473,.53521699,6.1780696,7.5482249
2019,AGO,disap,5.9450202,.67827898,5.0768232,6.8132172
2020,AGO,disap,4.9741755,.87274182,3.8570659,6.0912848
2021,AGO,disap,4.6844583,1.157779,3.2025011,6.1664152
2019,ASM,disap,7.7003613,.58946949,6.9458404,8.4548826
2017,AUS,disap,8.2231388,.22699197,7.9325891,8.5136881
2018,AUS,disap,8.3167744,.19093658,8.0723753,8.5611734
2019,AUS,disap,8.5397367,.26821917,8.1964159,8.8830576
2020,AUS,disap,8.957592,.21342352,8.6844101,9.2307739
2021,AUS,disap,9.0766611,.31308314,8.6759148,9.4774075
2017,BRA,disap,5.1231546,.49280044,4.4923701,5.7539392
2018,BRA,disap,4.9582992,.32294047,4.5449352,5.3716631
2019,BRA,disap,4.7161021,.41607034,4.1835322,5.248672
2020,BRA,disap,4.7790384,.4792673,4.1655765,5.3925004
2021,BRA,disap,4.7611475,.61422431,3.9749403,5.5473547
2020,CHN,disap,3.5196581,.19741574,3.2669659,3.7723503
2021,CHN,disap,3.4801018,.18921842,3.2379022,3.7223015
2018,COD,disap,4.3013129,.59086442,3.5450065,5.0576196
2019,COD,disap,5.5059013,.53200907,4.8249297,6.186873
2020,COD,disap,5.6437345,.36855465,5.1719847,6.1154842
2021,COD,disap,5.5661182,.54587764,4.8673949,6.2648416
2018,COK,disap,8.3488359,.59137172,7.5918803,9.105792
2019,COK,disap,8.7303734,.37433895,8.2512197,9.209527
2020,COK,disap,8.706605,.24525924,8.3926735,9.0205364
2021,COK,disap,8.6301384,.32482898,8.2143574,9.0459194
2017,FJI,disap,8.1668406,.33092365,7.7432585,8.5904226
2018,FJI,disap,8.4406233,.25433317,8.115077,8.7661695
2019,FJI,disap,8.7070284,.33207396,8.2819738,9.1320829
2020,FJI,disap,7.9366765,.21981834,7.6553092,8.2180443
2021,FJI,disap,7.7341743,.2659072,7.3938131,8.0745354
2019,FSM,disap,9.6526251,1.4890177,7.7466822,11.558568
2020,FSM,disap,9.5236616,1.0537521,8.174859,10.872464
2017,GBR,disap,7.8661799,.25265619,7.5427799,8.18958
2018,GBR,disap,8.0155859,.21470259,7.7407665,8.2904053
2019,GBR,disap,8.6308479,.35690933,8.1740036,9.0876923
2020,GBR,disap,8.6923094,.2567324,8.3636923,9.0209265
2021,GBR,disap,8.6619806,.25491104,8.3356943,8.9882669
2018,GUM,disap,9.2460327,.60310853,8.4740534,10.018012
2019,GUM,disap,8.9593954,.50131297,8.3177147,9.6010761
2020,GUM,disap,7.6971931,.49608332,7.0622063,8.33218
2019,HKG,disap,7.6609836,.54606974,6.9620142,8.3599529
2020,HKG,disap,7.3209586,.33083439,6.8974905,7.7444267
2021,HKG,disap,7.199964,.4167136,6.6665707,7.7333574
2020,IND,disap,5.7670336,.54167634,5.073688,6.4603791
2021,IND,disap,5.737123,.5009644,5.0958886,6.3783574
2017,JOR,disap,7.5138631,.63489389,6.7011991,8.3265276
2018,JOR,disap,7.3614783,.42403224,6.818717,7.9042397
2019,JOR,disap,6.4204407,.58115005,5.6765685,7.1643128
2020,JOR,disap,6.9974613,.63557559,6.1839247,7.810998
2021,JOR,disap,7.0220146,.85955119,5.9217892,8.1222401
2017,KAZ,disap,7.0897393,.31496784,6.6865807,7.492898
2018,KAZ,disap,7.0016847,.24176994,6.6922193,7.3111501
2019,KAZ,disap,6.2612939,.42415908,5.7183704,6.8042173
2020,KAZ,disap,6.2362862,.36585471,5.767992,6.7045803
2021,KAZ,disap,5.7092228,.66275936,4.8608909,6.5575547
2017,KGZ,disap,7.7080722,.41883445,7.1719642,8.2441807
2018,KGZ,disap,7.8703814,.39777172,7.3612337,8.379529
2019,KGZ,disap,8.4330816,.53333712,7.7504101,9.1157532
2020,KGZ,disap,7.5716171,.41865936,7.0357332,8.107501
2021,KGZ,disap,7.3408895,.49810648,6.7033134,7.9784656
2019,KIR,disap,8.7439737,.75175494,7.7817273,9.7062197
2020,KIR,disap,8.6084414,.44413483,8.0399485,9.1769342
2021,KIR,disap,8.4071312,.59487295,7.6456938,9.1685686
2017,KOR,disap,7.9700747,.53823078,7.2811394,8.6590099
2018,KOR,disap,8.4000978,.44443503,7.8312211,8.9689751
2019,KOR,disap,9.4867878,.52835244,8.8104963,10.163079
2020,KOR,disap,9.0073242,.31190425,8.6080866,9.4065619
2021,KOR,disap,8.7323036,.31970599,8.3230801,9.1415272
2017,LBR,disap,6.8778334,.61352301,6.0925241,7.6631427
2018,LBR,disap,7.880363,.39079154,7.3801498,8.3805761
2019,LBR,disap,6.8518825,.68088621,5.9803481,7.7234168
2020,LBR,disap,6.1411853,1.0559033,4.789629,7.4927416
2021,LBR,disap,6.5985475,1.3271514,4.8997936,8.2973013
2017,MEX,disap,2.2567067,.65336788,1.4203959,3.0930176
2018,MEX,disap,1.9684058,.48499009,1.3476186,2.5891931
2019,MEX,disap,2.240782,.55131596,1.5350976,2.9464664
2020,MEX,disap,3.1559157,.47895589,2.5428522,3.7689793
2021,MEX,disap,3.8853345,.64421809,3.0607352,4.7099338
2019,MHL,disap,7.0583568,.88092935,5.9307671,8.1859465
2020,MHL,disap,6.0573916,1.0987724,4.6509628,7.4638205
2017,MOZ,disap,4.6952333,.63001192,3.888818,5.5016484
2018,MOZ,disap,4.7249861,.51384801,4.0672607,5.3827114
2019,MOZ,disap,4.8055811,.49541435,4.1714506,5.4397116
2020,MOZ,disap,4.7797766,.59279835,4.0209947,5.5385585
2021,MOZ,disap,4.2504635,.75001532,3.2904439,5.2104831
2019,MYS,disap,7.6320972,.42997432,7.0817299,8.1824646
2020,MYS,disap,8.2805796,.33352003,7.8536739,8.7074852
2021,MYS,disap,8.5138741,.54528576,7.8159084,9.2118397
2018,NCL,disap,9.7095594,.65191507,8.8751078,10.544011
2019,NCL,disap,9.0820742,.3806816,8.5948019,9.5693464
2020,NCL,disap,8.5206337,.28182688,8.1598949,8.8813725
2021,NCL,disap,8.200839,.42893633,7.6518006,8.7498779
2018,NIU,disap,9.2544298,.79327452,8.2390385,10.269821
2019,NIU,disap,9.2546329,.50913543,8.6029396,9.9063263
2020,NIU,disap,8.91681,.46673286,8.3193922,9.5142279
2019,MNP,disap,7.3622184,1.1147376,5.9353542,8.7890825
2020,MNP,disap,7.493464,1.3892652,5.7152047,9.2717237
2017,NPL,disap,8.450511,.65778047,7.608552,9.29247
2018,NPL,disap,8.6438141,.38343561,8.1530161,9.1346121
2019,NPL,disap,8.0465174,.29042333,7.6747756,8.4182596
2020,NPL,disap,7.7441554,.34095132,7.3077378,8.1805735
2018,NRU,disap,8.0616941,.677149,7.1949434,8.9284449
2019,NRU,disap,8.5564661,.46047124,7.967063,9.1458693
2017,NZL,disap,8.3325272,.20571107,8.0692167,8.5958376
2018,NZL,disap,8.5973005,.17296432,8.375906,8.8186951
2019,NZL,disap,9.0256042,.245323,8.7115908,9.3396177
2020,NZL,disap,8.7116833,.23664498,8.4087772,9.0145893
2021,NZL,disap,8.4499245,.35743231,7.9924111,8.9074383
2018,PNG,disap,6.2742405,1.0477698,4.933095,7.615386
2019,PNG,disap,6.3780794,.59151316,5.6209426,7.1352162
2020,PNG,disap,7.095149,.58399814,6.3476315,7.8426666
2021,PNG,disap,7.3240409,1.0544786,5.974308,8.6737738
2019,PYF,disap,9.7445831,.8199591,8.6950359,10.79413
2020,PYF,disap,8.9790401,.53898776,8.2891359,9.6689444
2021,PYF,disap,8.454958,.61916137,7.6624312,9.2474842
2017,SAU,disap,3.3508937,1.0317404,2.030266,4.6715217
2018,SAU,disap,3.5895419,.87005448,2.4758723,4.7032118
2019,SAU,disap,3.5844541,.80291295,2.5567255,4.6121826
2020,SAU,disap,3.6835742,.50769973,3.0337186,4.3334298
2021,SAU,disap,3.9064705,.70182216,3.0081382,4.8048029
2018,SLB,disap,8.5510321,1.5635251,6.5497198,10.552344
2019,SLB,disap,8.6421423,1.2277693,7.0705976,10.213687
2020,SLB,disap,9.0383072,.77744073,8.0431833,10.033431
2018,TON,disap,7.1741614,1.0859466,5.7841496,8.5641727
2019,TON,disap,7.4321413,1.026077,6.1187625,8.7455196
2020,TON,disap,8.3394308,.32418069,7.9244795,8.7543821
2021,TON,disap,8.2556372,.2877678,7.8872943,8.6239796
2020,TUV,disap,8.7435656,.86658239,7.6343403,9.8527908
2021,TUV,disap,8.497385,1.0191758,7.1928401,9.8019304
2019,TWN,disap,9.1753311,.25489497,8.8490658,9.5015965
2020,TWN,disap,8.7476645,.15306905,8.5517359,8.943593
2021,TWN,disap,8.4529858,.18952425,8.2103949,8.6955767
2017,USA,disap,6.7652626,.28889245,6.3954802,7.1350451
2018,USA,disap,6.8016582,.27378431,6.4512143,7.152102
2019,USA,disap,7.2971745,.38941047,6.7987289,7.79562
2020,USA,disap,6.5280752,.33406237,6.1004753,6.9556751
2021,USA,disap,6.7909579,.38001862,6.304534,7.2773819
2017,VEN,disap,4.1467586,.66133136,3.3002543,4.9932628
2018,VEN,disap,4.1168976,.49457055,3.4838474,4.749948
2019,VEN,disap,3.531662,.38961157,3.0329592,4.030365
2020,VEN,disap,3.7966552,.37969705,3.310643,4.2826676
2021,VEN,disap,3.4368992,.65027237,2.6045506,4.269248
2017,VNM,disap,6.2236133,.38549128,5.7301846,6.717042
2018,VNM,disap,5.6586018,.33460614,5.2303057,6.0868979
2019,VNM,disap,4.3639607,.31276768,3.963618,4.7643032
2020,VNM,disap,6.4024649,.30701926,6.00948,6.7954497
2021,VNM,disap,6.8582463,.33315608,6.4318066,7.2846861
2019,VUT,disap,8.7538767,.91496384,7.5827231,9.9250307
2020,VUT,disap,7.7913127,.60752285,7.0136833,8.5689421
2018,WSM,disap,7.1932988,.93777728,5.9929438,8.3936539
2019,WSM,disap,8.5822687,.4127197,8.0539875,9.1105499
2020,WSM,disap,8.8538055,.29683098,8.4738617,9.2337494
2021,WSM,disap,8.5772409,.33382004,8.149951,9.0045309
2017,AGO,dpex,10,0,10,10
2018,AGO,dpex,10,0,10,10
2019,AGO,dpex,10,0,10,10
2020,AGO,dpex,10,0,10,10
2021,AGO,dpex,10,0,10,10
2019,ASM,dpex,10,0,10,10
2020,ASM,dpex,10,0,10,10
2017,AUS,dpex,10,0,10,10
2018,AUS,dpex,10,0,10,10
2019,AUS,dpex,10,0,10,10
2020,AUS,dpex,10,0,10,10
2021,AUS,dpex,10,0,10,10
2017,BRA,dpex,10,0,10,10
2018,BRA,dpex,10,0,10,10
2019,BRA,dpex,10,0,10,10
2020,BRA,dpex,10,0,10,10
2021,BRA,dpex,10,0,10,10
2020,CHN,dpex,.99999976,.50991052,.3473143,1.6526853
2021,CHN,dpex,1.0048507,.51313102,.34804302,1.6616584
2017,COD,dpex,10,0,10,10
2018,COD,dpex,10,0,10,10
2019,COD,dpex,10,0,10,10
2020,COD,dpex,10,0,10,10
2021,COD,dpex,10,0,10,10
2018,COK,dpex,10,0,10,10
2019,COK,dpex,10,0,10,10
2020,COK,dpex,10,0,10,10
2021,COK,dpex,10,0,10,10
2017,FJI,dpex,10,0,10,10
2018,FJI,dpex,10,0,10,10
2019,FJI,dpex,10,0,10,10
2020,FJI,dpex,10,0,10,10
2021,FJI,dpex,10,0,10,10
2019,FSM,dpex,10,0,10,10
2020,FSM,dpex,10,0,10,10
2017,GBR,dpex,10,0,10,10
2018,GBR,dpex,10,0,10,10
2019,GBR,dpex,10,0,10,10
2020,GBR,dpex,10,0,10,10
2021,GBR,dpex,10,0,10,10
2018,GUM,dpex,10,0,10,10
2019,GUM,dpex,10,0,10,10
2020,GUM,dpex,10,0,10,10
2019,HKG,dpex,10,0,10,10
2020,HKG,dpex,10,0,10,10
2021,HKG,dpex,10,0,10,10
2020,IND,dpex,7.3483534,.34376115,6.908339,7.7883677
2021,IND,dpex,10,0,10,10
2017,JOR,dpex,8.175909,1.0498799,6.8320627,9.5197554
2018,JOR,dpex,8.8163261,.47344545,8.2103157,9.4223366
2019,JOR,dpex,9.3492584,.46779132,8.7504854,9.9480314
2020,JOR,dpex,7.4309249,.88894874,6.2930703,8.568779
2021,JOR,dpex,10,0,10,10
2017,KAZ,dpex,10,0,10,10
2018,KAZ,dpex,10,0,10,10
2019,KAZ,dpex,10,0,10,10
2020,KAZ,dpex,10,0,10,10
2021,KAZ,dpex,10,0,10,10
2017,KGZ,dpex,10,0,10,10
2018,KGZ,dpex,10,0,10,10
2019,KGZ,dpex,10,0,10,10
2020,KGZ,dpex,10,0,10,10
2021,KGZ,dpex,10,0,10,10
2019,KIR,dpex,10,0,10,10
2020,KIR,dpex,10,0,10,10
2021,KIR,dpex,10,0,10,10
2017,KOR,dpex,10,0,10,10
2018,KOR,dpex,10,0,10,10
2019,KOR,dpex,10,0,10,10
2020,KOR,dpex,10,0,10,10
2021,KOR,dpex,10,0,10,10
2017,LBR,dpex,10,0,10,10
2018,LBR,dpex,10,0,10,10
2019,LBR,dpex,10,0,10,10
2020,LBR,dpex,10,0,10,10
2021,LBR,dpex,10,0,10,10
2017,MEX,dpex,10,0,10,10
2018,MEX,dpex,10,0,10,10
2019,MEX,dpex,10,0,10,10
2020,MEX,dpex,10,0,10,10
2021,MEX,dpex,10,0,10,10
2019,MHL,dpex,10,0,10,10
2020,MHL,dpex,10,0,10,10
2017,MOZ,dpex,10,0,10,10
2018,MOZ,dpex,10,0,10,10
2019,MOZ,dpex,10,0,10,10
2020,MOZ,dpex,10,0,10,10
2021,MOZ,dpex,10,0,10,10
2019,MYS,dpex,10,0,10,10
2020,MYS,dpex,10,0,10,10
2021,MYS,dpex,10,0,10,10
2018,NCL,dpex,10,0,10,10
2019,NCL,dpex,10,0,10,10
2020,NCL,dpex,10,0,10,10
2021,NCL,dpex,10,0,10,10
2018,NIU,dpex,10,0,10,10
2019,NIU,dpex,10,0,10,10
2020,NIU,dpex,10,0,10,10
2018,MNP,dpex,10,0,10,10
2019,MNP,dpex,10,0,10,10
2020,MNP,dpex,10,0,10,10
2017,NPL,dpex,10,0,10,10
2018,NPL,dpex,10,0,10,10
2019,NPL,dpex,10,0,10,10
2020,NPL,dpex,10,0,10,10
2021,NPL,dpex,10,0,10,10
2018,NRU,dpex,10,0,10,10
2019,NRU,dpex,10,0,10,10
2020,NRU,dpex,10,0,10,10
2017,NZL,dpex,10,0,10,10
2018,NZL,dpex,10,0,10,10
2019,NZL,dpex,10,0,10,10
2020,NZL,dpex,10,0,10,10
2021,NZL,dpex,10,0,10,10
2018,PNG,dpex,10,0,10,10
2019,PNG,dpex,10,0,10,10
2020,PNG,dpex,10,0,10,10
2021,PNG,dpex,10,0,10,10
2019,PYF,dpex,10,0,10,10
2020,PYF,dpex,10,0,10,10
2021,PYF,dpex,10,0,10,10
2017,SAU,dpex,4.2532864,1.32774,2.5537791,5.9527936
2018,SAU,dpex,3.2700198,.84824538,2.1842656,4.3557739
2019,SAU,dpex,1.1886451,.66915864,.33212206,2.0451682
2020,SAU,dpex,3.4952002,.55832887,2.7805393,4.2098613
2021,SAU,dpex,1.5086476,.47600862,.89935654,2.1179385
2018,SLB,dpex,10,0,10,10
2019,SLB,dpex,10,0,10,10
2020,SLB,dpex,10,0,10,10
2021,SLB,dpex,10,0,10,10
2018,TON,dpex,10,0,10,10
2019,TON,dpex,10,0,10,10
2020,TON,dpex,10,0,10,10
2021,TON,dpex,10,0,10,10
2019,TUV,dpex,10,0,10,10
2020,TUV,dpex,10,0,10,10
2021,TUV,dpex,10,0,10,10
2019,TWN,dpex,10,0,10,10
2020,TWN,dpex,7.8810067,.084991954,7.7722168,7.9897966
2021,TWN,dpex,7.7848206,.97579122,6.5358076,9.0338335
2017,USA,dpex,7.0721545,.43782192,6.5117426,7.6325665
2018,USA,dpex,5.7187238,.43174428,5.166091,6.2713566
2019,USA,dpex,4.7356181,.33280641,4.3096261,5.1616101
2020,USA,dpex,4.7304235,.34191632,4.2927704,5.1680765
2021,USA,dpex,5.6176105,.50946492,4.9654956,6.2697253
2017,VEN,dpex,10,0,10,10
2018,VEN,dpex,10,0,10,10
2019,VEN,dpex,10,0,10,10
2020,VEN,dpex,10,0,10,10
2021,VEN,dpex,10,0,10,10
2017,VNM,dpex,4.5450563,.61904269,3.7526817,5.337431
2018,VNM,dpex,4.0227466,.50100076,3.3814657,4.6640277
2019,VNM,dpex,4.1310391,.52266723,3.4620252,4.8000531
2020,VNM,dpex,4.6516409,.44353482,4.0839162,5.2193656
2021,VNM,dpex,4.6530771,.52545524,3.9804945,5.3256598
2019,VUT,dpex,10,0,10,10
2020,VUT,dpex,10,0,10,10
2021,VUT,dpex,10,0,10,10
2018,WSM,dpex,10,0,10,10
2019,WSM,dpex,10,0,10,10
2020,WSM,dpex,10,0,10,10
2021,WSM,dpex,10,0,10,10
2017,AGO,exkill,4.5346942,.79206324,3.5208533,5.5485353
2018,AGO,exkill,4.7773509,.35445854,4.3236442,5.2310576
2019,AGO,exkill,4.4846039,.39798516,3.9751828,4.9940248
2020,AGO,exkill,3.1740878,.56926262,2.4454317,3.9027438
2021,AGO,exkill,2.8877652,.78143287,1.887531,3.8879993
2017,AUS,exkill,7.8655891,.25205529,7.5429583,8.18822
2018,AUS,exkill,7.3167939,.26287878,6.980309,7.6532788
2019,AUS,exkill,6.3268409,.23661907,6.0239687,6.6297131
2020,AUS,exkill,6.8936467,.31056878,6.4961185,7.2911749
2021,AUS,exkill,8.3775473,.46765539,7.7789483,8.9761457
2017,BRA,exkill,2.9518216,.50798398,2.3016021,3.602041
2018,BRA,exkill,2.7957063,.20429558,2.5342078,3.0572047
2019,BRA,exkill,2.534663,.17480986,2.3109064,2.7584195
2020,BRA,exkill,3.1532183,.28321207,2.7907069,3.5157297
2021,BRA,exkill,3.15908,.48497331,2.5383141,3.779846
2020,CHN,exkill,5.6358738,.20134205,5.3781562,5.8935914
2021,CHN,exkill,5.6328707,.20505565,5.3703995,5.8953419
2018,COD,exkill,3.849519,.46746546,3.2511632,4.447875
2019,COD,exkill,4.730629,.40200856,4.2160578,5.2452002
2020,COD,exkill,4.6172485,.44435263,4.0484772,5.1860199
2021,COD,exkill,5.0100331,.73047453,4.0750256,5.9450407
2018,COK,exkill,8.1631746,.99645984,6.8877058,9.4386435
2019,COK,exkill,8.3811569,.40144056,7.8673129,8.8950005
2020,COK,exkill,8.5211868,.24762078,8.2042322,8.8381414
2021,COK,exkill,8.6074343,.40119773,8.0939016,9.1209669
2017,FJI,exkill,6.7777905,.7036314,5.8771424,7.6784387
2018,FJI,exkill,7.5976872,.4073993,7.0762162,8.1191587
2019,FJI,exkill,7.9515357,.38372296,7.4603705,8.4427013
2020,FJI,exkill,7.7889414,.26617759,7.4482341,8.1296492
2021,FJI,exkill,7.8627329,.29358169,7.4869485,8.2385178
2020,FSM,exkill,8.9688864,.92119247,7.7897601,10.148013
2017,GBR,exkill,7.4723253,.32868353,7.0516105,7.8930402
2018,GBR,exkill,7.2861056,.28830552,6.9170747,7.6551366
2019,GBR,exkill,6.8112845,.29949462,6.4279313,7.1946378
2020,GBR,exkill,7.4944057,.30693823,7.1015248,7.8872867
2021,GBR,exkill,8.1557236,.37000459,7.6821175,8.6293297
2018,GUM,exkill,7.8792596,.59416318,7.1187305,8.6397886
2019,GUM,exkill,7.8684955,.42352787,7.3263798,8.4106112
2020,GUM,exkill,7.6733689,.45944107,7.0852842,8.2614536
2019,HKG,exkill,8.6274519,.4106473,8.1018238,9.15308
2020,HKG,exkill,8.1431074,.26078707,7.8092999,8.4769144
2021,HKG,exkill,8.1040335,.34517142,7.6622143,8.5458527
2020,IND,exkill,5.0361028,.50600314,4.3884187,5.6837869
2021,IND,exkill,5.3812852,.47538087,4.7727976,5.9897728
2017,JOR,exkill,7.0454102,.87308365,5.9278631,8.1629572
2018,JOR,exkill,7.5104599,.64182758,6.6889205,8.3319988
2019,JOR,exkill,8.0556755,.56181115,7.3365574,8.7747936
2020,JOR,exkill,7.6574545,.57853347,6.9169316,8.3979769
2021,JOR,exkill,7.1376152,1.0319065,5.8167748,8.4584551
2017,KAZ,exkill,6.9010754,.43132335,6.3489814,7.4531693
2018,KAZ,exkill,7.0642161,.26254126,6.7281632,7.400269
2019,KAZ,exkill,6.6794848,.3118141,6.2803626,7.0786071
2020,KAZ,exkill,6.6903901,.34473509,6.2491293,7.1316509
2021,KAZ,exkill,5.9043975,.59674793,5.1405602,6.6682348
2017,KGZ,exkill,7.8515701,.40297583,7.3357611,8.3673792
2018,KGZ,exkill,7.8259277,.28895479,7.4560657,8.1957903
2019,KGZ,exkill,7.7699952,.34086329,7.3336902,8.2062998
2020,KGZ,exkill,7.2288351,.36060068,6.7672663,7.6904039
2021,KGZ,exkill,7.160809,.40859228,6.6378107,7.6838074
2019,KIR,exkill,7.0805411,1.0298338,5.7623539,8.3987284
2020,KIR,exkill,7.9908385,.58940262,7.236403,8.7452736
2021,KIR,exkill,8.4075651,.66450143,7.5570035,9.2581272
2018,KOR,exkill,8.5830517,.76754075,7.6005993,9.5655041
2019,KOR,exkill,8.8844938,.75247127,7.9213305,9.8476572
2020,KOR,exkill,8.8208799,.33374864,8.3936815,9.2480783
2021,KOR,exkill,8.959919,.35214797,8.5091696,9.4106684
2017,LBR,exkill,6.3930597,.68557167,5.5155282,7.2705913
2018,LBR,exkill,6.9377866,.47872579,6.3250175,7.5505557
2019,LBR,exkill,6.0399485,.80217379,5.013166,7.066731
2020,LBR,exkill,5.6769552,1.0262278,4.3633838,6.9905267
2021,LBR,exkill,6.3007736,1.3609836,4.5587144,8.0428324
2017,MEX,exkill,3.3438988,.54128963,2.6510479,4.0367494
2018,MEX,exkill,3.5675058,.44363636,2.9996512,4.1353602
2019,MEX,exkill,4.1654115,.3692587,3.6927602,4.6380625
2020,MEX,exkill,4.3661027,.34569436,3.923614,4.8085914
2021,MEX,exkill,5.1082048,.49401498,4.4758658,5.7405438
2019,MHL,exkill,7.3965287,1.1098064,5.9759765,8.8170805
2020,MHL,exkill,6.8808832,.75135869,5.9191442,7.8426223
2017,MOZ,exkill,4.5120001,.56275636,3.791672,5.2323284
2018,MOZ,exkill,5.1459556,.43565673,4.588315,5.7035961
2019,MOZ,exkill,4.7300501,.41177192,4.2029819,5.2571182
2020,MOZ,exkill,4.0035019,.42607781,3.4581223,4.5488815
2021,MOZ,exkill,4.0264421,.96971118,2.7852118,5.2676725
2019,MYS,exkill,6.6927004,.35441536,6.239049,7.1463518
2020,MYS,exkill,7.0138893,.3013635,6.6281443,7.3996344
2021,MYS,exkill,6.8837066,.8612932,5.7812514,7.9861617
2018,NCL,exkill,8.2095127,.63030714,7.4027195,9.0163059
2019,NCL,exkill,8.0706816,.36208215,7.6072164,8.5341463
2020,NCL,exkill,8.1472836,.29656726,7.7676773,8.5268898
2021,NCL,exkill,8.2208385,.46784776,7.6219935,8.819684
2018,NIU,exkill,8.2464542,.53769624,7.5582032,8.9347057
2019,NIU,exkill,8.6785574,.4252083,8.1342907,9.2228241
2020,NIU,exkill,9.0752811,.56196487,8.3559666,9.7945957
2019,MNP,exkill,7.889957,.77343583,6.8999591,8.8799553
2020,MNP,exkill,7.9456902,1.1521498,6.4709382,9.4204416
2017,NPL,exkill,6.7098756,.93715018,5.5103235,7.9094276
2018,NPL,exkill,6.2367353,.4311552,5.6848569,6.7886138
2019,NPL,exkill,5.8760428,.33554041,5.4465513,6.3055344
2020,NPL,exkill,6.8706193,.34501031,6.4290061,7.3122325
2018,NRU,exkill,6.81775,1.0373901,5.4898906,8.1456089
2019,NRU,exkill,7.4002156,.63977641,6.5813017,8.2191296
2017,NZL,exkill,7.8974228,.26581556,7.557179,8.2376671
2018,NZL,exkill,7.7787032,.20239128,7.5196424,8.0377636
2019,NZL,exkill,7.6921492,.18777588,7.4517961,7.9325023
2020,NZL,exkill,8.1207733,.22475168,7.8330913,8.4084558
2021,NZL,exkill,8.5701342,.29632476,8.1908388,8.9494295
2018,PNG,exkill,5.8452811,.49510121,5.2115517,6.4790106
2019,PNG,exkill,6.181056,.47889018,5.5680766,6.7940354
2020,PNG,exkill,6.8059464,.62195957,6.0098381,7.6020546
2021,PNG,exkill,5.3029265,1.1788802,3.7939599,6.811893
2019,PYF,exkill,8.1981535,.86865073,7.0862803,9.3100262
2020,PYF,exkill,8.4277849,.56582993,7.7035227,9.1520472
2021,PYF,exkill,8.4910851,.63805681,7.6743722,9.3077974
2017,SAU,exkill,5.0716429,1.1345582,3.6194084,6.5238771
2018,SAU,exkill,4.2502856,.66322351,3.4013596,5.0992117
2019,SAU,exkill,4.4189706,.55196214,3.7124591,5.1254821
2020,SAU,exkill,4.7185502,.41095966,4.192522,5.2445784
2021,SAU,exkill,4.8306565,.64462501,4.0055366,5.6557765
2019,SLB,exkill,6.9299226,1.5126544,4.9937248,8.8661203
2020,SLB,exkill,7.0633674,1.9211079,4.6043491,9.5223856
2018,TON,exkill,7.4523158,.90840656,6.2895555,8.6150761
2019,TON,exkill,7.6557398,.70337886,6.755415,8.5560646
2020,TON,exkill,8.2295303,.31241336,7.8296413,8.6294193
2021,TON,exkill,8.2573919,.30993524,7.8606749,8.654109
2020,TUV,exkill,8.3059855,.86656076,7.1967878,9.4151831
2021,TUV,exkill,8.5239868,1.0590529,7.1683989,9.8795748
2019,TWN,exkill,8.1147699,.2111349,7.8445172,8.3850222
2020,TWN,exkill,8.2924986,.14562723,8.1060953,8.4789019
2021,TWN,exkill,8.4691553,.19388209,8.2209864,8.7173243
2017,USA,exkill,4.3552113,.69343889,3.4676094,5.2428131
2018,USA,exkill,4.4224277,.37063968,3.9480088,4.8968463
2019,USA,exkill,4.4332833,.25720647,4.1040592,4.7625074
2020,USA,exkill,4.270844,.28630707,3.904371,4.6373172
2021,USA,exkill,4.0556374,.65234023,3.2206419,4.8906326
2017,VEN,exkill,4.8162313,.80036944,3.7917583,5.840704
2018,VEN,exkill,3.2904656,.51009035,2.6375499,3.9433813
2019,VEN,exkill,2.5414228,.23327214,2.2428346,2.8400111
2020,VEN,exkill,2.8106585,.27706137,2.4560199,3.165297
2021,VEN,exkill,2.5917225,.64703393,1.763519,3.4199259
2017,VNM,exkill,5.8485041,.50382733,5.2036052,6.493403
2018,VNM,exkill,5.520174,.40487242,5.0019374,6.0384107
2019,VNM,exkill,5.9691348,.33052295,5.5460653,6.3922043
2020,VNM,exkill,6.4952102,.28746808,6.1272511,6.8631692
2021,VNM,exkill,6.7583766,.37656936,6.2763677,7.2403855
2019,VUT,exkill,7.4725218,1.0108473,6.178637,8.7664061
2020,VUT,exkill,7.2234111,.60438681,6.4497962,7.997026
2018,WSM,exkill,8.2878523,.95999748,7.0590553,9.5166492
2019,WSM,exkill,8.4638586,.40327361,7.9476686,8.9800491
2020,WSM,exkill,8.4937916,.31097752,8.0957403,8.8918428
2021,WSM,exkill,8.4973269,.48578945,7.8755164,9.1191378
2017,AGO,arrest,3.1064658,.52045411,2.4402845,3.7726471
2018,AGO,arrest,4.2849312,.40502512,3.766499,4.8033633
2019,AGO,arrest,4.389297,.58163148,3.6448088,5.1337852
2020,AGO,arrest,3.5632248,.80522871,2.532532,4.5939174
2021,AGO,arrest,2.4756963,1.1042136,1.0623029,3.8890898
2019,ASM,arrest,9.0971899,1.1350875,7.644278,10.550102
2017,AUS,arrest,5.913435,.49151972,5.2842898,6.5425801
2018,AUS,arrest,5.8805275,.31342971,5.4793377,6.2817173
2019,AUS,arrest,5.6512537,.2381835,5.3463788,5.9561286
2020,AUS,arrest,6.359149,.30144536,5.973299,6.7449989
2021,AUS,arrest,7.4995294,.44918728,6.9245696,8.0744886
2017,BRA,arrest,4.2904906,.46966687,3.689317,4.891664
2018,BRA,arrest,3.8666756,.34999242,3.4186852,4.3146658
2019,BRA,arrest,2.9560001,.34365845,2.5161173,3.3958828
2020,BRA,arrest,4.0780702,.38167915,3.5895209,4.5666194
2021,BRA,arrest,4.5991459,.48842344,3.973964,5.224328
2020,CHN,arrest,3.090358,.17223831,2.8698931,3.310823
2021,CHN,arrest,3.1173432,.16991827,2.8998477,3.3348386
2018,COD,arrest,2.2487149,.4925864,1.6182044,2.8792255
2019,COD,arrest,3.6534758,.4873468,3.0296719,4.2772799
2020,COD,arrest,3.1804926,.36834884,2.7090061,3.6519792
2021,COD,arrest,2.9222672,.43150178,2.3699448,3.4745896
2018,COK,arrest,8.2078056,.84304667,7.128706,9.2869053
2019,COK,arrest,8.3210754,.53740466,7.6331973,9.0089531
2020,COK,arrest,8.5199509,.29934719,8.1367865,8.9031153
2021,COK,arrest,8.5839815,.35030958,8.1355848,9.0323782
2017,FJI,arrest,4.9963241,.62819451,4.192235,5.8004131
2018,FJI,arrest,5.4794712,.37681663,4.9971461,5.9617963
2019,FJI,arrest,6.040555,.46092373,5.4505725,6.6305375
2020,FJI,arrest,6.1259804,.35036543,5.6775126,6.5744481
2021,FJI,arrest,6.2123609,.37265581,5.7353616,6.6893601
2019,FSM,arrest,8.2581415,1.2723631,6.6295166,9.8867664
2020,FSM,arrest,8.6282263,.99688232,7.3522167,9.9042358
2017,GBR,arrest,7.2663102,.41282615,6.7378926,7.7947278
2018,GBR,arrest,7.0722551,.28249151,6.7106662,7.4338441
2019,GBR,arrest,6.498168,.33292261,6.0720272,6.9243088
2020,GBR,arrest,6.4351373,.37556168,5.9544182,6.9158564
2021,GBR,arrest,6.4598432,.52261579,5.790895,7.1287913
2018,GUM,arrest,7.5809717,.5505386,6.8762822,8.2856607
2019,GUM,arrest,7.5438943,.38862365,7.0464559,8.0413322
2020,GUM,arrest,7.1650696,.49299213,6.5340395,7.7960997
2019,HKG,arrest,2.6668346,.82577229,1.6098461,3.7238231
2020,HKG,arrest,3.2406237,.28096229,2.8809919,3.6002555
2021,HKG,arrest,3.4650149,.31585547,3.06072,3.8693099
2020,IND,arrest,3.337841,.50413609,2.6925468,3.9831352
2021,IND,arrest,4.2711973,.47141829,3.6677818,4.8746128
2017,JOR,arrest,5.1190276,.91209054,3.9515517,6.2865033
2018,JOR,arrest,4.2640018,.43045747,3.7130163,4.8149872
2019,JOR,arrest,3.5736222,.45525259,2.9908988,4.1563454
2020,JOR,arrest,3.7586331,.52465761,3.0870714,4.4301949
2021,JOR,arrest,3.9724004,.66795599,3.1174169,4.827384
2017,KAZ,arrest,3.6083958,.51807088,2.9452651,4.2715263
2018,KAZ,arrest,3.826025,.35764843,3.3682351,4.2838149
2019,KAZ,arrest,2.6127396,.24742855,2.296031,2.9294481
2020,KAZ,arrest,3.4731607,.28952587,3.1025677,3.8437538
2021,KAZ,arrest,3.7364249,.55965334,3.0200686,4.4527812
2017,KGZ,arrest,5.071125,.57314593,4.3374982,5.8047519
2018,KGZ,arrest,5.6378384,.4238244,5.0953431,6.1803336
2019,KGZ,arrest,5.0868955,.70499021,4.1845078,5.9892831
2020,KGZ,arrest,4.9698982,.4815757,4.3534813,5.5863152
2021,KGZ,arrest,4.6842742,.38295305,4.1940942,5.1744542
2019,KIR,arrest,6.7193799,1.3569629,4.9824672,8.4562922
2020,KIR,arrest,7.5480356,.73613983,6.6057768,8.4902945
2021,KIR,arrest,7.700757,.62373579,6.9023752,8.4991388
2017,KOR,arrest,6.9214439,.59414941,6.1609325,7.6819553
2018,KOR,arrest,6.8892131,.4273676,6.3421826,7.4362435
2019,KOR,arrest,6.5550756,.44915047,5.9801631,7.1299882
2020,KOR,arrest,7.5673776,.36228341,7.1036549,8.0311003
2021,KOR,arrest,7.7670054,.45357656,7.1864276,8.3475838
2017,LBR,arrest,5.5092759,.81144077,4.4706316,6.5479202
2018,LBR,arrest,5.8468261,.57358944,5.1126318,6.5810204
2019,LBR,arrest,3.4764669,.95060825,2.2596884,4.6932454
2020,LBR,arrest,5.896338,1.3364325,4.1857042,7.6069717
2021,LBR,arrest,6.4572001,1.3860239,4.6830893,8.2313108
2017,MEX,arrest,2.7024491,.48787549,2.0779684,3.3269298
2018,MEX,arrest,2.8186789,.41581351,2.2864375,3.3509202
2019,MEX,arrest,3.4517629,.45169309,2.8735957,4.0299301
2020,MEX,arrest,4.7454224,.54597652,4.0465722,5.4442725
2021,MEX,arrest,6.1747894,.73102254,5.2390804,7.1104984
2019,MHL,arrest,6.891953,1.2268944,5.321528,8.4623775
2020,MHL,arrest,6.0582728,1.1323552,4.6088581,7.5076876
2017,MOZ,arrest,4.5299482,.65970695,3.6855233,5.374373
2018,MOZ,arrest,4.37146,.44791821,3.7981246,4.9447951
2019,MOZ,arrest,2.7429433,.67935181,1.873373,3.6125135
2020,MOZ,arrest,3.4202843,.8433345,2.340816,4.4997525
2021,MOZ,arrest,6.2497549,.76554108,5.2698622,7.2296476
2019,MYS,arrest,5.6907077,.49460718,5.0576105,6.3238049
2020,MYS,arrest,5.3507285,.43665829,4.7918057,5.9096513
2021,MYS,arrest,6.1469383,.68310565,5.272563,7.0213137
2018,NCL,arrest,7.8492284,.57959867,7.1073422,8.591115
2019,NCL,arrest,7.8352475,.30389813,7.4462581,8.2242374
2020,NCL,arrest,7.8922501,.34903201,7.4454889,8.3390112
2021,NCL,arrest,7.9986749,.56525427,7.2751493,8.7222004
2018,NIU,arrest,7.7773991,1.6735232,5.6352892,9.9195089
2019,NIU,arrest,8.7275467,.85933948,7.6275921,9.8275013
2020,NIU,arrest,8.7120962,.58798987,7.9594693,9.4647236
2019,MNP,arrest,7.1203074,1.0558836,5.7687764,8.471839
2020,MNP,arrest,6.5233717,1.5263909,4.5695915,8.4771519
2017,NPL,arrest,5.6773243,.97541565,4.4287925,6.9258561
2018,NPL,arrest,5.4459243,.39718789,4.9375238,5.9543247
2019,NPL,arrest,4.6420884,.29711962,4.2617755,5.0224013
2020,NPL,arrest,4.95649,.61139691,4.173902,5.739078
2018,NRU,arrest,3.3948855,1.2660514,1.7743397,5.0154314
2019,NRU,arrest,4.8238263,1.2269831,3.253288,6.3943648
2017,NZL,arrest,7.7053838,.35719857,7.2481694,8.1625977
2018,NZL,arrest,7.219501,.24813269,6.9018912,7.5371108
2019,NZL,arrest,6.7185788,.29041111,6.3468528,7.0903049
2020,NZL,arrest,7.5179939,.32126611,7.1067734,7.9292145
2021,NZL,arrest,7.8444676,.37376696,7.366046,8.3228893
2018,PNG,arrest,5.9505892,.70126629,5.0529685,6.8482099
2019,PNG,arrest,5.5574455,.61273044,4.7731504,6.3417406
2020,PNG,arrest,5.4321113,.81952596,4.3831182,6.4811044
2021,PNG,arrest,6.4558353,1.048431,5.1138434,7.7978272
2019,PYF,arrest,6.4016829,1.6201032,4.3279505,8.4754152
2020,PYF,arrest,7.1868806,.91537941,6.0151949,8.3585663
2021,PYF,arrest,7.6144438,.7360844,6.6722555,8.556632
2017,SAU,arrest,2.9572642,1.0393739,1.6268656,4.2876625
2018,SAU,arrest,1.8688327,.59353703,1.1091053,2.6285601
2019,SAU,arrest,1.4374939,.5074445,.78796494,2.0870228
2020,SAU,arrest,2.0983603,.52343637,1.4283618,2.7683589
2021,SAU,arrest,2.6731033,.73978853,1.726174,3.6200325
2018,SLB,arrest,6.7988768,1.0409513,5.4664593,8.1312943
2019,SLB,arrest,4.90308,1.2204612,3.3408897,6.4652705
2020,SLB,arrest,8.2174854,1.2316951,6.6409159,9.794055
2018,TON,arrest,6.3805819,1.1563704,4.9004278,7.8607359
2019,TON,arrest,6.6892648,.87000322,5.5756607,7.8028688
2020,TON,arrest,7.761323,.36115161,7.2990489,8.2235966
2021,TON,arrest,7.9898272,.37243226,7.513114,8.4665403
2020,TUV,arrest,8.6409349,.99111241,7.3723111,9.9095592
2021,TUV,arrest,8.4934721,1.0893276,7.099133,9.8878117
2019,TWN,arrest,7.4324284,.28445029,7.0683322,7.7965245
2020,TWN,arrest,7.801023,.17922015,7.5716214,8.0304251
2021,TWN,arrest,8.0143442,.21076466,7.7445655,8.2841234
2017,USA,arrest,4.4340916,.6183871,3.6425562,5.2256269
2018,USA,arrest,4.3208508,.39618313,3.8137364,4.8279653
2019,USA,arrest,4.7703886,.26216289,4.4348202,5.105957
2020,USA,arrest,4.5455832,.35154188,4.0956097,4.9955568
2021,USA,arrest,5.7553186,.53814739,5.0664902,6.4441471
2017,VEN,arrest,2.479805,.58445483,1.7317028,3.2279072
2018,VEN,arrest,2.3550448,.44511783,1.7852941,2.9247956
2019,VEN,arrest,2.2817233,.29563451,1.9033111,2.6601355
2020,VEN,arrest,2.8052039,.25184432,2.4828432,3.1275647
2021,VEN,arrest,2.4960535,.66776288,1.641317,3.35079
2017,VNM,arrest,3.3091452,.3152566,2.9056168,3.7126737
2018,VNM,arrest,2.7494695,.31152484,2.3507178,3.1482213
2019,VNM,arrest,2.9000337,.31912741,2.4915507,3.3085167
2020,VNM,arrest,3.7677341,.25604606,3.4399951,4.0954728
2021,VNM,arrest,4.0109043,.27134046,3.6635885,4.3582201
2019,VUT,arrest,6.6625953,1.2500241,5.0625644,8.2626257
2020,VUT,arrest,7.1988864,.62565005,6.3980541,7.9997187
2018,WSM,arrest,5.5630865,1.7379371,3.338527,7.7876458
2019,WSM,arrest,8.2900105,.80810827,7.2556319,9.3243895
2020,WSM,arrest,8.5886469,.43682277,8.0295134,9.1477804
2021,WSM,arrest,8.2361717,.6179288,7.4452229,9.0271206
2017,AGO,tort,2.6691444,.55339468,1.9607992,3.3774896
2018,AGO,tort,3.8075116,.41399127,3.2776027,4.3374205
2019,AGO,tort,4.2682576,.48760223,3.6441267,4.8923883
2020,AGO,tort,4.1186361,.85551077,3.0235825,5.2136898
2021,AGO,tort,2.5333021,1.1320709,1.0842513,3.9823527
2019,ASM,tort,6.3287082,.85326278,5.2365317,7.4208846
2017,AUS,tort,5.488255,.50333714,4.8439837,6.1325264
2018,AUS,tort,5.2887888,.3116073,4.8899317,5.6876459
2019,AUS,tort,5.1270452,.19026633,4.8835044,5.3705859
2020,AUS,tort,5.3200636,.24660733,5.004406,5.6357212
2021,AUS,tort,5.6877575,.59100664,4.9312692,6.4442458
2017,BRA,tort,2.6161258,.55410218,1.906875,3.3253765
2018,BRA,tort,2.9766066,.26267427,2.6403835,3.3128297
2019,BRA,tort,2.9877293,.21149619,2.7170141,3.2584445
2020,BRA,tort,2.9393981,.29243305,2.5650837,3.3137124
2021,BRA,tort,2.8575234,.49417737,2.2249763,3.4900706
2020,CHN,tort,2.8456509,.19044131,2.601886,3.0894158
2021,CHN,tort,2.8519044,.19661406,2.6002383,3.1035705
2018,COD,tort,3.1268566,.33182913,2.7021153,3.5515978
2019,COD,tort,4.2746882,.34083292,3.8384221,4.7109542
2020,COD,tort,3.4830239,.417373,2.9487865,4.0172615
2021,COD,tort,2.9615405,.48893356,2.3357055,3.5873754
2018,COK,tort,7.1649599,.81556451,6.1210375,8.2088823
2019,COK,tort,7.41154,.49015599,6.7841406,8.0389395
2020,COK,tort,7.8944411,.36330092,7.4294162,8.3594666
2021,COK,tort,7.8405309,.54570484,7.1420288,8.5390329
2017,FJI,tort,4.2588787,.5212512,3.5916772,4.9260802
2018,FJI,tort,4.8412461,.31657392,4.4360313,5.2464609
2019,FJI,tort,5.7025814,.27147776,5.3550897,6.0500731
2020,FJI,tort,5.7955599,.31330937,5.3945241,6.1965957
2021,FJI,tort,6.0500884,.42585549,5.5049934,6.5951834
2019,FSM,tort,5.8013864,1.1263676,4.3596358,7.2431369
2020,FSM,tort,7.8929415,1.0010275,6.6116261,9.1742563
2017,GBR,tort,6.7864223,.44274035,6.2197146,7.3531299
2018,GBR,tort,6.4687519,.34398812,6.0284472,6.9090567
2019,GBR,tort,6.0158401,.35648939,5.5595336,6.4721465
2020,GBR,tort,5.8088093,.41697875,5.2750764,6.3425422
2021,GBR,tort,5.7137232,.65034556,4.8812809,6.5461655
2018,GUM,tort,7.0160947,.51284122,6.3596578,7.6725316
2019,GUM,tort,7.4738765,.38692689,6.97861,7.9691429
2020,GUM,tort,7.2618132,.73295414,6.3236318,8.1999941
2019,HKG,tort,4.4832525,.54181737,3.7897263,5.1767788
2020,HKG,tort,5.143477,.29231343,4.7693157,5.5176382
2021,HKG,tort,5.4800515,.35991886,5.0193553,5.9407477
2020,IND,tort,3.6817672,.58080477,2.9383371,4.4251971
2021,IND,tort,3.8758247,.58804119,3.123132,4.6285176
2017,JOR,tort,4.8652468,.75807869,3.894906,5.8355875
2018,JOR,tort,5.6551657,.45547685,5.0721555,6.2381759
2019,JOR,tort,5.8679404,.35604993,5.4121966,6.3236842
2020,JOR,tort,4.9490919,.54804081,4.2475996,5.6505842
2021,JOR,tort,5.6598492,1.0098786,4.3672047,6.9524937
2017,KAZ,tort,3.9182634,.39319903,3.4149687,4.4215584
2018,KAZ,tort,3.7057281,.22609693,3.4163239,3.9951322
2019,KAZ,tort,3.2072537,.20196329,2.9487407,3.4657667
2020,KAZ,tort,3.4907737,.25753149,3.1611333,3.8204141
2021,KAZ,tort,3.8178389,.50294125,3.1740742,4.4616036
2017,KGZ,tort,3.9847441,.3638536,3.5190115,4.4504766
2018,KGZ,tort,4.5114589,.31952751,4.1024637,4.920454
2019,KGZ,tort,4.7966452,.37674454,4.3144121,5.2788782
2020,KGZ,tort,4.3047676,.24849594,3.9866929,4.6228423
2021,KGZ,tort,4.3521056,.32535914,3.9356458,4.7685652
2019,KIR,tort,6.9657273,.83129996,5.9016633,8.0297909
2020,KIR,tort,7.1866751,.61601722,6.3981729,7.9751773
2021,KIR,tort,7.5518584,.58243275,6.8063445,8.2973728
2017,KOR,tort,7.4328771,.50210959,6.7901769,8.0755777
2018,KOR,tort,7.1710482,.36235741,6.7072306,7.6348658
2019,KOR,tort,6.2293549,.37144884,5.7539005,6.7048092
2020,KOR,tort,6.7969913,.36798048,6.3259764,7.2680063
2021,KOR,tort,7.0157046,.44554314,6.4454093,7.586
2017,LBR,tort,4.569026,.85227859,3.4781094,5.6599426
2018,LBR,tort,5.8812346,.45314211,5.3012128,6.4612565
2019,LBR,tort,5.0465999,.51749098,4.3842115,5.7089882
2020,LBR,tort,4.6435041,.60127735,3.8738692,5.4131393
2021,LBR,tort,6.2030978,.95560658,4.9799213,7.4262743
2017,MEX,tort,2.3244116,.46031514,1.7352083,2.913615
2018,MEX,tort,2.5378666,.28979287,2.1669316,2.9088016
2019,MEX,tort,2.8653033,.22433114,2.5781593,3.1524472
2020,MEX,tort,3.3652778,.33784243,2.9328394,3.7977161
2021,MEX,tort,4.3148222,.6380657,3.4980981,5.1315465
2019,MHL,tort,5.9129896,1.1883824,4.39186,7.4341192
2020,MHL,tort,5.2596164,1.3256037,3.5628436,6.956389
2017,MOZ,tort,3.9303875,.62518418,3.1301517,4.7306232
2018,MOZ,tort,3.8228645,.35890773,3.3634627,4.2822666
2019,MOZ,tort,4.0507598,.41366491,3.5212686,4.5802507
2020,MOZ,tort,2.7500656,.44354394,2.1823294,3.3178017
2021,MOZ,tort,2.6930091,.63780344,1.8766208,3.5093975
2019,MYS,tort,4.5881667,.36064988,4.1265349,5.0497985
2020,MYS,tort,4.6155105,.32553405,4.1988268,5.0321941
2021,MYS,tort,5.1412086,.67504507,4.2771511,6.0052662
2018,NCL,tort,6.0719538,.66517901,5.2205248,6.9233828
2019,NCL,tort,7.4155464,.32365778,7.0012646,7.8298283
2020,NCL,tort,7.7075539,.28643239,7.3409204,8.0741873
2021,NCL,tort,7.8092165,.58654678,7.0584364,8.5599966
2018,NIU,tort,7.326468,1.4444579,5.477562,9.175374
2019,NIU,tort,8.3262396,.81646848,7.2811599,9.3713188
2020,NIU,tort,8.6874228,.51267552,8.0311985,9.343647
2019,MNP,tort,6.376399,.49930266,5.7372918,7.0155063
2020,MNP,tort,6.6400838,.89519966,5.4942284,7.7859392
2017,NPL,tort,4.8136878,.80815524,3.7792492,5.8481264
2018,NPL,tort,4.3763342,.40117326,3.8628323,4.8898358
2019,NPL,tort,4.5751553,.33914343,4.1410518,5.0092587
2020,NPL,tort,5.2933464,.34217709,4.8553596,5.7313333
2018,NRU,tort,7.1361594,.92896789,5.9470806,8.3252382
2019,NRU,tort,6.9305258,.69869453,6.0361967,7.8248549
2017,NZL,tort,7.25493,.35656029,6.798533,7.7113271
2018,NZL,tort,6.8550415,.2235308,6.568922,7.141161
2019,NZL,tort,6.35776,.22259724,6.0728354,6.6426845
2020,NZL,tort,6.2310076,.28844073,5.8618035,6.6002116
2021,NZL,tort,6.544445,.39697513,6.0363169,7.0525732
2018,PNG,tort,4.2907743,.57782429,3.5511591,5.0303893
2019,PNG,tort,4.6027756,.34970611,4.1551518,5.0503993
2020,PNG,tort,3.9088349,.42697781,3.3623033,4.4553666
2021,PNG,tort,3.6618555,.82916981,2.600518,4.7231927
2019,PYF,tort,6.8483019,.80263245,5.8209324,7.8756714
2020,PYF,tort,6.9807615,.56424999,6.2585216,7.7030015
2021,PYF,tort,6.8841071,.66820252,6.0288081,7.7394061
2017,SAU,tort,2.8874297,1.113885,1.4616568,4.3132024
2018,SAU,tort,2.3352914,.39844248,1.825285,2.8452978
2019,SAU,tort,2.9668806,.37742603,2.4837751,3.449986
2020,SAU,tort,2.9316735,.45042911,2.3551242,3.5082228
2021,SAU,tort,2.9408669,.71186012,2.029686,3.8520479
2018,SLB,tort,6.6761279,1.0606046,5.3185539,8.0337019
2019,SLB,tort,5.7731638,1.3440746,4.0527482,7.4935794
2020,SLB,tort,6.2852902,1.6078697,4.2272172,8.3433638
2018,TON,tort,5.4710045,.71045792,4.5616183,6.3803906
2019,TON,tort,6.3048792,.53761739,5.6167288,6.9930296
2020,TON,tort,7.0023222,.37608898,6.5209284,7.483716
2021,TON,tort,6.8431292,.46759656,6.2446055,7.4416528
2020,TUV,tort,7.0633163,1.204703,5.5212965,8.6053362
2021,TUV,tort,8.5373812,1.0912095,7.1406331,9.9341297
2019,TWN,tort,6.8576307,.23226336,6.5603337,7.1549277
2020,TWN,tort,6.667191,.17561406,6.4424052,6.8919768
2021,TWN,tort,6.3998542,.26182696,6.0647159,6.7349925
2017,USA,tort,4.1344724,.54053134,3.4425921,4.8263526
2018,USA,tort,3.3960969,.30686304,3.0033123,3.7888815
2019,USA,tort,3.5642493,.2568762,3.2354476,3.8930509
2020,USA,tort,3.6915145,.30725667,3.2982259,4.0848031
2021,USA,tort,3.8093903,.54270911,3.1147227,4.5040579
2017,VEN,tort,2.7924376,.61702663,2.0026436,3.5822315
2018,VEN,tort,2.7126553,.3020744,2.326,3.0993106
2019,VEN,tort,2.847152,.22134532,2.5638299,3.1304741
2020,VEN,tort,3.405632,.21672724,3.128221,3.683043
2021,VEN,tort,3.0082967,.60548455,2.2332766,3.7833169
2017,VNM,tort,2.9755216,.29027188,2.6039736,3.3470695
2018,VNM,tort,3.1744273,.22707453,2.8837719,3.4650826
2019,VNM,tort,3.7431531,.24780785,3.4259591,4.0603471
2020,VNM,tort,4.0149217,.21982153,3.7335501,4.2962933
2021,VNM,tort,4.1050143,.32094809,3.6942008,4.5158277
2019,VUT,tort,6.8486695,.60882968,6.0693674,7.6279716
2020,VUT,tort,5.1746192,.57302123,4.4411521,5.9080863
2018,WSM,tort,6.446353,.67920119,5.5769753,7.3157306
2019,WSM,tort,6.9028897,.46038443,6.3135977,7.4921818
2020,WSM,tort,7.2396812,.38600528,6.7455945,7.733768
2021,WSM,tort,7.0537772,.52281612,6.3845725,7.7229819
2017,AGO,assem,2.993794,.85334051,1.9015181,4.0860696
2018,AGO,assem,5.1555281,.39799696,4.6460919,5.6649642
2019,AGO,assem,5.1961112,.5295825,4.5182457,5.8739767
2020,AGO,assem,3.2413604,.43663236,2.682471,3.8002498
2021,AGO,assem,3.8415697,1.2128457,2.2891271,5.394012
2019,ASM,assem,8.5082836,.54070932,7.8161755,9.2003918
2017,AUS,assem,7.298665,.64002478,6.4794335,8.117897
2018,AUS,assem,7.1242948,.32970002,6.7022786,7.5463109
2019,AUS,assem,7.5062695,.28051904,7.1472049,7.865334
2020,AUS,assem,6.874918,.32306927,6.4613895,7.2884464
2021,AUS,assem,7.1013207,.64719403,6.2729125,7.929729
2017,BRA,assem,6.3615861,.76779628,5.3788071,7.3443651
2018,BRA,assem,6.1619959,.34695682,5.7178912,6.6061006
2019,BRA,assem,5.8744564,.29179773,5.5009551,6.2479577
2020,BRA,assem,6.1645927,.43058899,5.6134386,6.7157469
2021,BRA,assem,5.9386096,.72341269,5.0126414,6.8645778
2020,CHN,assem,2.0191364,.18189265,1.7863139,2.2519591
2021,CHN,assem,1.9569093,.17786694,1.7292396,2.1845789
2017,COD,assem,2.9386144,1.6905236,.77474415,5.1024847
2018,COD,assem,3.4788883,.34695831,3.0347817,3.9229949
2019,COD,assem,5.9543452,.43501589,5.3975248,6.5111656
2020,COD,assem,6.8799534,.89492881,5.7344446,8.0254622
2021,COD,assem,8.4042215,1.3986675,6.6139274,10.194516
2018,COK,assem,9.7540751,.71522874,8.838582,10.669568
2019,COK,assem,9.1483316,.43819517,8.5874414,9.7092218
2020,COK,assem,8.3442354,.4383958,7.7830887,8.9053822
2021,COK,assem,8.3446617,.58653617,7.5938954,9.0954285
2017,FJI,assem,3.9619901,.62413216,3.163101,4.7608795
2018,FJI,assem,4.4218335,.32297203,4.0084295,4.8352375
2019,FJI,assem,4.2474999,.29181629,3.873975,4.6210246
2020,FJI,assem,4.489728,.41894951,3.9534726,5.0259833
2021,FJI,assem,4.9770956,.62404001,4.1783242,5.775867
2019,FSM,assem,9.3582716,.99632275,8.0829782,10.633565
2020,FSM,assem,9.1549845,.79857653,8.1328068,10.177162
2017,GBR,assem,8.2513027,.67274028,7.3901954,9.1124105
2018,GBR,assem,7.5069718,.2704474,7.160799,7.8531446
2019,GBR,assem,7.1143727,.30289593,6.726666,7.5020795
2020,GBR,assem,5.8508434,.34784582,5.4056005,6.2960863
2021,GBR,assem,4.5282011,.51174986,3.8731613,5.1832409
2018,GUM,assem,8.2840052,.72724545,7.3531308,9.214879
2019,GUM,assem,8.2821245,.46298665,7.6895018,8.8747473
2020,GUM,assem,7.3107691,.83690423,6.2395315,8.3820066
2019,HKG,assem,4.496335,.30111986,4.1109018,4.8817682
2020,HKG,assem,3.132386,.19909771,2.8775408,3.3872311
2021,HKG,assem,2.473918,.28559664,2.1083543,2.8394816
2020,IND,assem,3.1892273,.29338789,2.8136909,3.5647638
2021,IND,assem,3.5640187,.30829024,3.1694071,3.9586303
2017,JOR,assem,3.7587137,1.1864048,2.2401156,5.2773118
2018,JOR,assem,4.0549622,.48839676,3.4298143,4.68011
2019,JOR,assem,4.0052242,.41839665,3.4696765,4.540772
2020,JOR,assem,3.6492119,.38687974,3.1540058,4.1444178
2021,JOR,assem,4.3226223,.74466497,3.369451,5.2757936
2017,KAZ,assem,1.5211111,.56239676,.80124325,2.240979
2018,KAZ,assem,2.8776767,.22895564,2.5846136,3.1707399
2019,KAZ,assem,3.3486459,.15601771,3.1489432,3.5483487
2020,KAZ,assem,3.4797876,.22928569,3.1863019,3.7732732
2021,KAZ,assem,3.8884459,.50383139,3.2435417,4.53335
2017,KGZ,assem,5.5365596,.5690515,4.8081737,6.2649455
2018,KGZ,assem,6.4893546,.4096581,5.964992,7.0137172
2019,KGZ,assem,6.2394333,.33490092,5.81076,6.6681066
2020,KGZ,assem,5.9501419,.44075662,5.3859735,6.5143104
2021,KGZ,assem,5.6032476,.63660711,4.7883906,6.4181046
2019,KIR,assem,7.7914248,1.0072777,6.5021091,9.08074
2020,KIR,assem,7.8019347,.56463981,7.079196,8.5246735
2017,KOR,assem,7.8182855,.57424831,7.0832477,8.5533237
2018,KOR,assem,8.0307198,.42963257,7.4807901,8.5806494
2019,KOR,assem,7.6027794,.443225,7.0354514,8.1701078
2020,KOR,assem,6.0435395,.37764367,5.5601554,6.5269237
2021,KOR,assem,6.6341701,.52889341,5.9571867,7.3111534
2017,LBR,assem,9.2334538,.97964585,7.979507,10.4874
2018,LBR,assem,6.9943008,.5814386,6.2500596,7.7385421
2019,LBR,assem,5.0390058,.57821208,4.2988944,5.7791171
2020,LBR,assem,4.5366001,.72571266,3.607688,5.4655123
2017,MEX,assem,5.392848,.7131741,4.4799852,6.3057108
2018,MEX,assem,6.1396556,.30933845,5.7437024,6.5356088
2019,MEX,assem,6.6897163,.27980244,6.3315692,7.0478635
2020,MEX,assem,6.0751729,.33916408,5.6410427,6.5093031
2021,MEX,assem,5.8454385,.4972935,5.2089028,6.4819741
2017,MOZ,assem,5.5084314,1.1648424,4.0174332,6.9994297
2018,MOZ,assem,5.7397537,.58507699,4.9908552,6.4886522
2019,MOZ,assem,4.6798139,.44391951,4.1115971,5.2480307
2020,MOZ,assem,5.4716878,.49899635,4.8329725,6.1104031
2021,MOZ,assem,4.8202343,.76941681,3.8353808,5.805088
2019,MYS,assem,6.2970395,.46679637,5.6995401,6.8945389
2020,MYS,assem,4.1047673,.30618989,3.7128444,4.4966903
2021,MYS,assem,4.1029911,.96671343,2.865598,5.3403845
2018,NCL,assem,9.1240816,.52154297,8.4565067,9.7916565
2019,NCL,assem,8.7599201,.24635407,8.4445868,9.0752535
2020,NCL,assem,8.37819,.25791505,8.0480585,8.7083216
2021,NCL,assem,7.8622575,.51635915,7.2013178,8.5231972
2018,NIU,assem,9.5711699,.68809122,8.6904135,10.451926
2019,NIU,assem,9.3063631,.4606151,8.7167759,9.8959503
2020,NIU,assem,8.6472902,.56179643,7.9281907,9.3663893
2018,MNP,assem,8.4051609,.91549742,7.2333241,9.5769978
2019,MNP,assem,8.1558561,.69599611,7.2649813,9.046731
2020,MNP,assem,7.2047033,1.0103533,5.9114509,8.4979553
2017,NPL,assem,6.5379052,1.8123487,4.2180986,8.8577118
2018,NPL,assem,5.8833899,.58771449,5.1311154,6.6356645
2019,NPL,assem,5.749711,.471953,5.1456113,6.3538108
2020,NPL,assem,5.6039052,.55017024,4.8996873,6.3081231
2021,NPL,assem,5.3143249,.85448748,4.2205811,6.4080687
2018,NRU,assem,5.1470165,1.340873,3.4306991,6.8633342
2019,NRU,assem,4.8157139,1.0875281,3.4236779,6.2077498
2017,NZL,assem,9.0023212,.6772567,8.1354322,9.8692102
2018,NZL,assem,8.7616987,.200739,8.5047531,9.0186443
2019,NZL,assem,8.7052088,.19565009,8.4547768,8.9556408
2020,NZL,assem,7.6784983,.46564183,7.0824766,8.2745199
2021,NZL,assem,7.5708361,.71844816,6.6512222,8.4904499
2018,PNG,assem,7.1132193,.54888934,6.4106407,7.8157978
2019,PNG,assem,7.7525301,.36520737,7.2850647,8.2199955
2020,PNG,assem,7.1829963,.46054611,6.5934973,7.7724953
2021,PNG,assem,7.1513858,.44812199,6.5777898,7.7249818
2019,PYF,assem,8.1592283,.66048115,7.3138123,9.0046444
2020,PYF,assem,7.3760972,.77057147,6.3897657,8.3624287
2021,PYF,assem,6.8916306,1.5252502,4.9393106,8.8439512
2017,SAU,assem,1.1860555,1.3821681,-.58311957,2.9552307
2018,SAU,assem,2.0209572,.45364287,1.4402944,2.6016202
2019,SAU,assem,2.352633,.25542912,2.0256836,2.6795824
2020,SAU,assem,2.2230928,.28479856,1.8585507,2.587635
2021,SAU,assem,2.1908422,.48749602,1.5668472,2.814837
2020,SLB,assem,2.6955867,.98243636,1.4380682,3.9531052
2018,TON,assem,7.7865076,.68758982,6.9063926,8.6666222
2019,TON,assem,8.0425282,.56464732,7.3197794,8.7652769
2020,TON,assem,8.1563425,.41754651,7.6218829,8.6908016
2021,TON,assem,8.5110083,.46304497,7.9183106,9.1037054
2020,TUV,assem,8.7521448,.76231104,7.7763867,9.7279034
2021,TUV,assem,8.7885494,1.0342159,7.4647532,10.112346
2019,TWN,assem,7.6849542,.21376047,7.4113407,7.9585676
2020,TWN,assem,7.4940748,.16206214,7.2866354,7.7015142
2021,TWN,assem,7.1526942,.27176616,6.8048334,7.500555
2017,USA,assem,6.1775203,.82668626,5.1193619,7.2356787
2018,USA,assem,7.0289617,.36285442,6.564508,7.4934154
2019,USA,assem,6.9109087,.25861368,6.5798831,7.2419343
2020,USA,assem,5.5585909,.31714723,5.1526423,5.9645395
2021,USA,assem,6.676415,.50347567,6.0319662,7.3208637
2017,VEN,assem,2.6155519,.88287002,1.4854783,3.7456255
2018,VEN,assem,3.3484092,.31671801,2.9430101,3.7538083
2019,VEN,assem,3.5644088,.17207594,3.3441515,3.7846661
2020,VEN,assem,3.3771868,.18513182,3.140218,3.6141555
2021,VEN,assem,3.228524,.46399397,2.6346116,3.8224363
2017,VNM,assem,1.5640527,.76508576,.5847429,2.5433624
2018,VNM,assem,3.0642669,.32148442,2.6527669,3.4757669
2019,VNM,assem,3.4513826,.18181288,3.2186623,3.684103
2020,VNM,assem,3.272794,.15791106,3.0706677,3.4749203
2021,VNM,assem,2.9494112,.25171751,2.6272128,3.2716095
2018,WSM,assem,7.5314088,.7464543,6.5759473,8.4868698
2019,WSM,assem,8.376543,.39079896,7.8763204,8.8767653
2020,WSM,assem,8.4936829,.53385407,7.8103495,9.1770163
2021,WSM,assem,5.4729595,.76179802,4.497858,6.448061
2017,AGO,express,3.4394696,1.2438318,1.8473649,5.0315742
2018,AGO,express,5.1584606,.43058306,4.6073141,5.7096071
2019,AGO,express,4.4909506,.35144594,4.0410995,4.9408016
2020,AGO,express,3.5879924,.52647448,2.9141052,4.2618799
2021,AGO,express,3.9747622,1.2254708,2.4061596,5.543365
2019,ASM,express,8.2757654,.71022385,7.3666787,9.1848516
2017,AUS,express,7.1822429,.78315848,6.1798,8.1846857
2018,AUS,express,6.4718108,.33112809,6.047967,6.8956547
2019,AUS,express,6.2904458,.2195632,6.0094051,6.5714865
2020,AUS,express,6.5364647,.24577889,6.2218676,6.8510618
2021,AUS,express,6.7193446,.49510381,6.0856118,7.3530774
2017,BRA,express,5.9932714,.70971638,5.0848346,6.9017081
2018,BRA,express,5.5373917,.23393992,5.2379484,5.8368349
2019,BRA,express,4.3685904,.15767471,4.1667666,4.5704141
2020,BRA,express,4.4984498,.20679645,4.2337503,4.7631493
2021,BRA,express,4.4653616,.48675293,3.8423178,5.0884051
2020,CHN,express,2.4116445,.1504467,2.2190726,2.6042163
2021,CHN,express,2.284209,.16055091,2.0787039,2.4897141
2017,COD,express,2.1681538,1.5372703,.20044777,4.13586
2018,COD,express,2.6686125,.41175157,2.1415706,3.1956544
2019,COD,express,5.0248742,.3788518,4.5399437,5.5098047
2020,COD,express,4.2399564,.85244149,3.1488314,5.3310814
2021,COD,express,4.6576438,1.6274319,2.5745311,6.7407565
2018,COK,express,7.2384448,.52105963,6.5714884,7.9054012
2019,COK,express,7.2577391,.43747646,6.6977692,7.817709
2020,COK,express,6.7510734,.54177958,6.0575957,7.444551
2021,COK,express,6.9650788,.72309262,6.0395203,7.8906374
2017,FJI,express,3.2125573,.49304417,2.5814607,3.8436539
2018,FJI,express,3.9586415,.33067209,3.5353813,4.3819017
2019,FJI,express,4.1886387,.25758323,3.8589323,4.5183454
2020,FJI,express,4.7118478,.39443621,4.2069693,5.2167263
2021,FJI,express,5.327466,.55369633,4.6187348,6.0361972
2019,FSM,express,7.3773017,.76982123,6.3919306,8.3626728
2020,FSM,express,6.9676232,.85887647,5.8682613,8.0669851
2017,GBR,express,8.1078529,.83917093,7.0337143,9.1819916
2018,GBR,express,7.0613427,.34532735,6.6193237,7.5033617
2019,GBR,express,6.8649778,.32293144,6.4516258,7.2783298
2020,GBR,express,6.4532819,.3622624,5.9895859,6.9169779
2021,GBR,express,5.3866777,.53991395,4.6955881,6.0777674
2018,GUM,express,7.5601783,.51660776,6.8989205,8.2214365
2019,GUM,express,7.7836556,.39768845,7.2746143,8.292697
2020,GUM,express,8.2172146,.65255922,7.3819389,9.0524902
2019,HKG,express,4.6674581,.3108066,4.2696257,5.0652905
2020,HKG,express,3.2984533,.21795827,3.0194666,3.57744
2021,HKG,express,2.6906769,.29242751,2.3163698,3.0649841
2020,IND,express,3.5276306,.28037146,3.1687551,3.8865061
2021,IND,express,3.5424249,.27918866,3.1850634,3.8997865
2017,JOR,express,4.2377911,1.4135572,2.4284379,6.0471444
2018,JOR,express,4.3318172,.50162631,3.6897354,4.9738989
2019,JOR,express,3.6111326,.31489637,3.2080653,4.0142002
2020,JOR,express,3.12075,.37153417,2.6451862,3.5963137
2021,JOR,express,4.0952082,.61858892,3.3034143,4.887002
2017,KAZ,express,2.3508203,.50379741,1.7059596,2.995681
2018,KAZ,express,2.9013135,.19220626,2.6552894,3.1473377
2019,KAZ,express,3.1693728,.16547124,2.9575696,3.381176
2020,KAZ,express,3.5477378,.20173796,3.2895133,3.8059623
2021,KAZ,express,4.2529988,.50021726,3.6127207,4.8932767
2017,KGZ,express,4.9091749,.78273714,3.9072714,5.9110785
2018,KGZ,express,5.7289228,.34810457,5.283349,6.1744967
2019,KGZ,express,4.3014603,.30365166,3.9127862,4.6901345
2020,KGZ,express,4.3678498,.41366428,3.8383596,4.8973403
2021,KGZ,express,5.0436144,.7242077,4.1166286,5.9706001
2019,KIR,express,6.4112434,.62619495,5.609714,7.2127728
2020,KIR,express,6.0723214,.48174167,5.4556923,6.6889505
2017,KOR,express,6.7552767,.69297123,5.8682737,7.6422796
2018,KOR,express,6.7220006,.42687148,6.1756053,7.2683959
2019,KOR,express,6.7637587,.33944988,6.3292627,7.1982546
2020,KOR,express,6.8658805,.32151735,6.4543381,7.2774229
2021,KOR,express,7.2792463,.53787416,6.5907674,7.9677253
2017,LBR,express,8.647192,1.0251298,7.3350258,9.9593582
2018,LBR,express,6.5308738,.49605057,5.8959289,7.1658187
2019,LBR,express,4.5045786,.43898025,3.9426839,5.0664735
2020,LBR,express,4.5203776,.47554502,3.91168,5.1290751
2017,MEX,express,3.8426476,.70377874,2.9418108,4.7434845
2018,MEX,express,4.1709566,.30649173,3.7786472,4.5632658
2019,MEX,express,4.8626657,.26862571,4.5188246,5.2065067
2020,MEX,express,4.8066397,.34923807,4.3596148,5.2536645
2021,MEX,express,4.4826069,.54554981,3.7843032,5.1809106
2019,MHL,express,6.691052,1.2664793,5.0699587,8.3121452
2017,MOZ,express,4.0731902,.89207959,2.9313283,5.2150521
2018,MOZ,express,3.8675301,.353356,3.4152343,4.3198256
2019,MOZ,express,3.471364,.23150308,3.17504,3.767688
2020,MOZ,express,3.9928231,.33190465,3.5679851,4.4176612
2021,MOZ,express,4.0966225,.48665899,3.4736989,4.7195458
2019,MYS,express,5.4756904,.4943592,4.8429108,6.10847
2020,MYS,express,4.0981922,.23483537,3.7976029,4.3987813
2021,MYS,express,4.1040792,.71518236,3.1886458,5.0195127
2018,NCL,express,6.1682448,.59831297,5.4024043,6.9340854
2019,NCL,express,7.440711,.37219203,6.9643054,7.9171166
2020,NCL,express,7.7270851,.47512996,7.1189189,8.3352518
2021,NCL,express,8.2950373,.72429615,7.367938,9.2221365
2018,NIU,express,8.3002501,1.2255193,6.7315855,9.8689146
2019,NIU,express,8.4332647,.72198337,7.5091262,9.3574038
2020,NIU,express,8.4841948,.68217754,7.6110077,9.3573818
2018,MNP,express,7.8332572,.90088034,6.6801305,8.9863844
2019,MNP,express,6.7797432,.7820009,5.7787819,7.7807045
2020,MNP,express,5.1826363,.94529933,3.9726532,6.3926196
2017,NPL,express,5.146246,2.2418907,2.2766259,8.0158663
2018,NPL,express,4.7821326,.58800304,4.0294886,5.5347767
2019,NPL,express,4.5719151,.384379,4.0799098,5.0639205
2020,NPL,express,5.3966336,.58512026,4.6476798,6.1455874
2021,NPL,express,6.4645138,1.3113101,4.786037,8.1429911
2018,NRU,express,3.8968215,.80301195,2.8689661,4.9246769
2019,NRU,express,3.908926,.87425488,2.7898798,5.0279722
2017,NZL,express,8.7708521,.77053636,7.7845654,9.7571383
2018,NZL,express,7.8808751,.30596152,7.4892445,8.2725058
2019,NZL,express,7.6235013,.22226666,7.3389997,7.9080029
2020,NZL,express,7.7204695,.31636724,7.3155193,8.1254196
2021,NZL,express,7.7986121,.54394954,7.1023569,8.4948673
2018,PNG,express,6.5496321,.48911437,5.9235659,7.1756983
2019,PNG,express,6.4902458,.39761403,5.9812999,6.9991918
2020,PNG,express,6.3645864,.45521683,5.781909,6.9472637
2021,PNG,express,5.8519144,.69885725,4.957377,6.7464519
2019,PYF,express,6.0104656,.91553098,4.8385859,7.1823454
2020,PYF,express,5.5971384,.81282389,4.5567236,6.6375532
2021,PYF,express,6.1989498,.97325945,4.9531779,7.4447217
2017,SAU,express,1.020469,1.1253421,-.41996896,2.460907
2018,SAU,express,1.5234352,.48708424,.89996743,2.146903
2019,SAU,express,2.0611761,.2535893,1.7365818,2.3857703
2020,SAU,express,2.0561435,.31636542,1.6511958,2.4610913
2021,SAU,express,2.2060196,.44330442,1.63859,2.7734492
2018,SLB,express,4.5866332,.9473573,3.3740158,5.7992506
2019,SLB,express,3.8782668,.88952255,2.7396779,5.0168557
2020,SLB,express,2.5983496,.78333336,1.5956829,3.6010163
2018,TON,express,7.3352294,.65672517,6.4946213,8.1758375
2019,TON,express,7.5674391,.38327202,7.0768509,8.0580273
2020,TON,express,7.583919,.39295205,7.0809402,8.0868979
2021,TON,express,7.6098971,.47413242,7.0030074,8.2167864
2019,TUV,express,8.4234715,.99640894,7.148068,9.6988745
2020,TUV,express,7.2902126,.97839266,6.0378699,8.5425549
2021,TUV,express,7.2715631,1.0084023,5.9808083,8.5623178
2019,TWN,express,7.3320622,.19322067,7.0847397,7.5793848
2020,TWN,express,7.1959319,.15912336,6.9922538,7.39961
2021,TWN,express,6.8204002,.2818732,6.4596024,7.1811981
2017,USA,express,5.9635119,.70651436,5.0591736,6.8678503
2018,USA,express,6.2320557,.31479931,5.8291125,6.6349988
2019,USA,express,6.0399652,.23484842,5.7393594,6.3405709
2020,USA,express,5.7023511,.33569652,5.2726598,6.1320424
2021,USA,express,6.6485267,.52954364,5.9707108,7.3263426
2017,VEN,express,2.9305542,1.3699042,1.1770768,4.6840315
2018,VEN,express,2.7852569,.29202327,2.4114671,3.1590466
2019,VEN,express,3.0202501,.18659188,2.7814124,3.2590878
2020,VEN,express,3.1523345,.22413613,2.8654401,3.4392288
2021,VEN,express,3.3308218,.4608798,2.7408955,3.920748
2017,VNM,express,1.6918119,.80165654,.66569155,2.7179322
2018,VNM,express,2.3646913,.25053355,2.0440083,2.6853743
2019,VNM,express,2.6446517,.18321835,2.4101322,2.8791711
2020,VNM,express,2.8483946,.18170217,2.6158159,3.0809734
2021,VNM,express,2.9247222,.24733555,2.6081326,3.2413118
2019,VUT,express,5.826942,1.1330509,4.376637,7.277247
2020,VUT,express,6.2858777,1.0741453,4.9109716,7.6607838
2018,WSM,express,5.740015,.72399479,4.8133016,6.6667285
2019,WSM,express,6.4828858,.55771512,5.7690105,7.1967611
2020,WSM,express,6.4962149,.53821802,5.8072958,7.1851339
2021,WSM,express,5.0633707,.59331197,4.3039312,5.8228102
2017,AGO,polpart,3.6236932,.73766166,2.6794863,4.5679002
2018,AGO,polpart,5.2975569,.54669625,4.5977855,5.9973283
2019,AGO,polpart,4.7530169,.49245104,4.1226797,5.3833542
2020,AGO,polpart,3.5232835,.45904955,2.9356999,4.110867
2021,AGO,polpart,4.2089968,1.443041,2.3619044,6.0560894
2019,ASM,polpart,8.3572149,.56522793,7.6337233,9.0807066
2020,ASM,polpart,7.4525208,1.0175707,6.1500301,8.7550116
2017,AUS,polpart,8.6189251,.53827369,7.929935,9.3079157
2018,AUS,polpart,8.1848803,.25261882,7.8615284,8.5082321
2019,AUS,polpart,7.8266563,.17982925,7.5964751,8.056838
2020,AUS,polpart,7.707438,.20857121,7.4404669,7.9744091
2021,AUS,polpart,7.1347828,.47641185,6.5249758,7.7445898
2017,BRA,polpart,5.606061,.65513968,4.7674823,6.4446397
2018,BRA,polpart,5.7530737,.3286095,5.3324537,6.1736937
2019,BRA,polpart,5.7465672,.29061016,5.3745861,6.1185484
2020,BRA,polpart,5.8530793,.386035,5.3589544,6.3472042
2021,BRA,polpart,5.8688374,.58769268,5.1165905,6.6210842
2020,CHN,polpart,1.9528643,.20500608,1.6904565,2.2152719
2021,CHN,polpart,1.9173229,.20987129,1.6486876,2.1859581
2017,COD,polpart,1.6026276,1.3456421,-.11979424,3.3250494
2018,COD,polpart,4.2079024,.55510873,3.4973633,4.9184418
2019,COD,polpart,6.3524323,.60537165,5.5775566,7.1273079
2020,COD,polpart,5.7740803,1.0598292,4.4174991,7.1306615
2021,COD,polpart,5.6735654,1.8655857,3.2856157,8.0615149
2018,COK,polpart,7.032939,.80785036,5.9988904,8.066987
2019,COK,polpart,7.3970985,.45601892,6.8133945,7.9808025
2020,COK,polpart,8.0782681,.37490264,7.5983925,8.5581436
2021,COK,polpart,8.4944525,.50692713,7.8455858,9.1433191
2017,FJI,polpart,4.8188972,.8197915,3.7695642,5.8682303
2018,FJI,polpart,5.4135752,.41939735,4.8767467,5.9504037
2019,FJI,polpart,5.3236461,.42577326,4.7786565,5.8686357
2020,FJI,polpart,6.2936535,.43532416,5.7364388,6.8508682
2021,FJI,polpart,7.2648988,.46590886,6.6685352,7.8612623
2019,FSM,polpart,8.0576591,.82213682,7.0053239,9.1099939
2020,FSM,polpart,6.9844127,1.2710637,5.357451,8.6113739
2017,GBR,polpart,7.0394535,.80994236,6.0027275,8.0761795
2018,GBR,polpart,7.089592,.34294337,6.6506243,7.5285597
2019,GBR,polpart,7.2381439,.35572988,6.7828097,7.6934781
2020,GBR,polpart,7.1241221,.35023609,6.6758199,7.5724244
2021,GBR,polpart,6.6863418,.4698734,6.0849037,7.2877798
2018,GUM,polpart,8.0207729,.45030883,7.4443774,8.597168
2019,GUM,polpart,8.1304827,.33447137,7.7023592,8.5586061
2020,GUM,polpart,7.667685,.80555135,6.6365795,8.6987906
2019,HKG,polpart,4.0338268,.29868117,3.651515,4.4161386
2020,HKG,polpart,2.8930259,.1996417,2.6374846,3.1485672
2021,HKG,polpart,2.4187508,.33035922,1.995891,2.8416107
2020,IND,polpart,6.6459355,.57589334,5.908792,7.3830791
2021,IND,polpart,6.823977,.54061258,6.1319928,7.5159612
2017,JOR,polpart,4.9377575,.82636744,3.8800073,5.9955077
2018,JOR,polpart,4.5936165,.51677597,3.9321432,5.2550898
2019,JOR,polpart,4.8436012,.58357334,4.0966272,5.5905752
2020,JOR,polpart,5.0222559,.71789777,4.1033468,5.941165
2021,JOR,polpart,5.6584272,1.0862017,4.2680893,7.0487652
2017,KAZ,polpart,2.4139688,.5063554,1.7658339,3.0621037
2018,KAZ,polpart,3.3747485,.24558266,3.0604026,3.6890943
2019,KAZ,polpart,3.342797,.18730861,3.1030421,3.582552
2020,KAZ,polpart,3.4367304,.24807632,3.1191926,3.7542682
2021,KAZ,polpart,3.5084715,.54454976,2.8114479,4.2054954
2017,KGZ,polpart,4.2367005,.71791196,3.3177733,5.1556277
2018,KGZ,polpart,6.089334,.45805144,5.5030284,6.6756396
2019,KGZ,polpart,5.2520876,.43153584,4.6997218,5.8044534
2020,KGZ,polpart,4.8545103,.42083862,4.3158369,5.3931837
2021,KGZ,polpart,5.6525998,.71806067,4.7334824,6.5717173
2019,KIR,polpart,6.9945674,.98199517,5.7376137,8.2515211
2020,KIR,polpart,7.4910936,.68946236,6.608582,8.3736057
2017,KOR,polpart,8.2842817,.56807828,7.5571413,9.0114222
2018,KOR,polpart,7.5541511,.48299626,6.9359159,8.1723862
2019,KOR,polpart,6.883039,.46881568,6.2829547,7.4831233
2020,KOR,polpart,7.6076822,.41043371,7.0823269,8.1330376
2021,KOR,polpart,7.9190073,.57237267,7.1863704,8.6516447
2017,LBR,polpart,8.4297142,.93142575,7.2374892,9.6219387
2018,LBR,polpart,6.7921376,.9079597,5.6299491,7.9543262
2019,LBR,polpart,4.7020402,.42309099,4.1604838,5.2435966
2020,LBR,polpart,5.7189827,.62665701,4.9168615,6.5211039
2017,MEX,polpart,4.8991203,.82989997,3.8368483,5.9613924
2018,MEX,polpart,6.3234806,.45731747,5.7381144,6.9088469
2019,MEX,polpart,6.7540812,.28225708,6.3927922,7.1153703
2020,MEX,polpart,6.5682268,.32560498,6.1514525,6.9850011
2021,MEX,polpart,6.6956134,.58382505,5.9483175,7.4429092
2019,MHL,polpart,7.4036059,.67567247,6.5387454,8.2684669
2020,MHL,polpart,7.2033072,1.0251653,5.8910956,8.5155191
2017,MOZ,polpart,3.9687066,.83860868,2.8952875,5.0421257
2018,MOZ,polpart,4.4025283,.31955898,3.9934928,4.811564
2019,MOZ,polpart,4.5338368,.44423652,3.965214,5.1024594
2020,MOZ,polpart,6.2478061,.63793612,5.4312477,7.0643644
2021,MOZ,polpart,6.0035191,.89476323,4.858222,7.1488161
2019,MYS,polpart,6.6582508,.43507013,6.1013613,7.2151403
2020,MYS,polpart,4.9057736,.58246809,4.1602144,5.6513329
2021,MYS,polpart,5.1668882,.9348433,3.9702888,6.3634877
2018,NCL,polpart,7.1863213,.62836146,6.3820186,7.990624
2019,NCL,polpart,8.1336765,.38913837,7.6355796,8.6317739
2020,NCL,polpart,8.2450314,.35360524,7.7924166,8.6976461
2021,NCL,polpart,7.0949044,.7068103,6.1901875,7.9996214
2018,NIU,polpart,8.2151165,.58470803,7.4666901,8.9635429
2019,NIU,polpart,7.8069472,.49772927,7.1698537,8.4440403
2020,NIU,polpart,7.5191045,.77309209,6.5295467,8.5086622
2018,MNP,polpart,7.8347707,.87470818,6.7151442,8.9543972
2019,MNP,polpart,7.8634973,.47463444,7.2559652,8.4710293
2020,MNP,polpart,7.7781048,.62695181,6.9756064,8.5806026
2017,NPL,polpart,7.8118348,1.6137419,5.7462454,9.8774242
2018,NPL,polpart,7.1865358,.57092953,6.4557462,7.9173255
2019,NPL,polpart,6.0201735,.52753359,5.3449306,6.6954165
2020,NPL,polpart,6.2591019,.56536788,5.5354309,6.9827728
2021,NPL,polpart,7.1558404,1.0602825,5.7986789,8.5130024
2018,NRU,polpart,6.2135558,.58860886,5.4601364,6.9669752
2019,NRU,polpart,6.5898733,.5300827,5.9113674,7.2683792
2017,NZL,polpart,7.4784656,.68615746,6.600184,8.3567467
2018,NZL,polpart,7.4658389,.25602505,7.1381269,7.793551
2019,NZL,polpart,7.8649778,.19664159,7.6132765,8.1166792
2020,NZL,polpart,8.1364622,.25889999,7.8050704,8.4678545
2021,NZL,polpart,8.3078985,.60942823,7.5278306,9.0879669
2018,PNG,polpart,6.524106,.59909433,5.7572651,7.290947
2019,PNG,polpart,6.9896221,.41593137,6.4572301,7.5220141
2020,PNG,polpart,7.2092285,.41072887,6.6834955,7.7349615
2021,PNG,polpart,6.6058993,.58885276,5.8521676,7.3596311
2019,PYF,polpart,7.1400213,.59560126,6.3776517,7.902391
2020,PYF,polpart,7.2076058,.5723753,6.4749656,7.9402461
2021,PYF,polpart,7.7939138,.85507149,6.6994224,8.8884058
2017,SAU,polpart,1.0941263,.9882921,-.17088754,2.3591402
2018,SAU,polpart,1.3520546,.43697509,.79272646,1.9113827
2019,SAU,polpart,1.6098365,.28702003,1.2424508,1.9772221
2020,SAU,polpart,1.863542,.31507665,1.4602438,2.26684
2021,SAU,polpart,2.1995823,.52473789,1.5279179,2.8712468
2019,SLB,polpart,6.8002892,1.1072582,5.3829985,8.2175798
2020,SLB,polpart,5.762619,1.2128927,4.2101164,7.3151217
2018,TON,polpart,7.3989315,.58824086,6.6459832,8.1518803
2019,TON,polpart,7.9754543,.46310982,7.3826737,8.5682344
2020,TON,polpart,8.6432791,.38254613,8.1536198,9.1329384
2021,TON,polpart,8.5159187,.45595545,7.9322958,9.0995417
2020,TUV,polpart,7.9863563,1.3131534,6.3055201,9.6671925
2021,TUV,polpart,8.7521772,1.0685897,7.3843822,10.119972
2019,TWN,polpart,7.5886598,.1996969,7.3330479,7.8442717
2020,TWN,polpart,7.6459327,.16452029,7.4353466,7.8565187
2021,TWN,polpart,7.6697774,.28556237,7.3042574,8.0352974
2017,USA,polpart,4.5477076,.64958978,3.7162325,5.3791823
2018,USA,polpart,5.2384892,.32959652,4.8166056,5.6603727
2019,USA,polpart,5.5046625,.2715649,5.1570597,5.8522654
2020,USA,polpart,5.008697,.28942764,4.6382298,5.3791642
2021,USA,polpart,5.2178178,.61556399,4.4298959,6.0057397
2017,VEN,polpart,2.494226,.84581178,1.4115869,3.576865
2018,VEN,polpart,2.7554457,.25471678,2.4294083,3.0814831
2019,VEN,polpart,2.9548321,.19276871,2.7080882,3.201576
2020,VEN,polpart,3.0128143,.22029874,2.7308319,3.2947967
2021,VEN,polpart,2.7353995,.52854025,2.0588679,3.411931
2017,VNM,polpart,1.5356436,.74197382,.58591712,2.4853702
2018,VNM,polpart,2.4635682,.30103067,2.078249,2.8488874
2019,VNM,polpart,2.9238455,.17677847,2.6975691,3.1501219
2020,VNM,polpart,2.9851558,.15798162,2.7829394,3.1873722
2021,VNM,polpart,3.1045928,.29293403,2.7296371,3.4795485
2019,VUT,polpart,7.5633073,.83956432,6.4886651,8.6379499
2020,VUT,polpart,6.1643596,1.4177737,4.3496094,7.9791098
2018,WSM,polpart,7.6828752,1.3648041,5.935926,9.4298248
2019,WSM,polpart,7.8034935,.70932209,6.8955612,8.7114258
2020,WSM,polpart,6.8259897,.63987005,6.0069561,7.6450233
2021,WSM,polpart,5.0532875,.97598958,3.8040209,6.3025541
2017,AGO,physint,4.3240805,.77791822,3.3283451,5.3198156
2018,AGO,physint,4.8553429,.77551919,3.8626783,5.8480072
2019,AGO,physint,4.4096203,.75944978,3.4375246,5.3817158
2020,AGO,physint,3.3926764,.8532443,2.3005238,4.4848289
2021,AGO,physint,2.7685995,.9313274,1.5765004,3.9606986
2019,ASM,physint,7.2355313,.99557954,5.9611897,8.5098734
2017,AUS,physint,7.0857596,.7224558,6.161016,8.0105028
2018,AUS,physint,6.8970408,.72612315,5.9676032,7.8264785
2019,AUS,physint,6.5223932,.73963708,5.5756578,7.4691286
2020,AUS,physint,7.0882778,.7679196,6.105341,8.0712147
2021,AUS,physint,7.9413719,.81059116,6.9038153,8.9789286
2017,BRA,physint,3.1361861,.76095265,2.1621668,4.1102057
2018,BRA,physint,3.1033776,.73712772,2.1598542,4.0469012
2019,BRA,physint,2.7007878,.75247532,1.7376194,3.6639562
2020,BRA,physint,3.2480557,.78193557,2.2471781,4.2489333
2021,BRA,physint,3.4567974,.79324812,2.4414399,4.4721551
2020,CHN,physint,2.8122859,.72799659,1.8804502,3.7441216
2021,CHN,physint,2.8272932,.71785086,1.908444,3.7461421
2018,COD,physint,3.1638875,.77573705,2.170944,4.1568308
2019,COD,physint,4.3470898,.7539115,3.3820829,5.3120966
2020,COD,physint,4.1266274,.70824653,3.2200718,5.0331831
2021,COD,physint,4.098103,.7694937,3.1131511,5.083055
2018,COK,physint,7.6949034,.88682169,6.5597715,8.8300352
2019,COK,physint,8.0211716,.77921492,7.0237765,9.0185671
2020,COK,physint,8.1425352,.74905258,7.1837478,9.1013222
2021,COK,physint,8.1441174,.7456581,7.1896749,9.0985594
2017,FJI,physint,6.4501419,.83297342,5.3839359,7.5163479
2018,FJI,physint,6.8952899,.73843545,5.9500923,7.8404875
2019,FJI,physint,7.297369,.75963956,6.3250303,8.2697077
2020,FJI,physint,7.0515118,.74500483,6.0979056,8.0051184
2021,FJI,physint,7.0128651,.71967053,6.0916867,7.9340434
2019,FSM,physint,8.0231752,1.2729919,6.3937454,9.6526051
2020,FSM,physint,8.9835148,.96391374,7.7497053,10.217324
2017,GBR,physint,7.2575727,.72576255,6.3285966,8.1865482
2018,GBR,physint,7.0877142,.72633183,6.1580095,8.0174189
2019,GBR,physint,6.947823,.73382628,6.0085254,7.8871207
2020,GBR,physint,7.2589321,.74920219,6.2999535,8.2179108
2021,GBR,physint,7.567503,.84190303,6.4898672,8.6451387
2018,GUM,physint,7.8303642,.78880405,6.8206949,8.8400335
2019,GUM,physint,7.773355,.76752269,6.790926,8.755784
2020,GUM,physint,7.1119695,.75566906,6.1447129,8.0792255
2019,HKG,physint,6.5811868,.81675154,5.5357447,7.6266289
2020,HKG,physint,6.4993033,.7336719,5.5602031,7.4384036
2021,HKG,physint,6.51373,.75078297,5.5527277,7.4747324
2020,IND,physint,4.1643987,.74965662,3.2048383,5.1239591
2021,IND,physint,4.6062803,.76977682,3.620966,5.5915947
2017,JOR,physint,6.2233334,.94781703,5.0101275,7.4365392
2018,JOR,physint,6.2816472,.82983524,5.2194581,7.3438363
2019,JOR,physint,6.0321689,.78758019,5.0240664,7.0402713
2020,JOR,physint,6.1094785,.8552646,5.01474,7.204217
2021,JOR,physint,6.0168252,.93786162,4.8163624,7.217288
2017,KAZ,physint,5.6882467,.73088491,4.7527142,6.6237793
2018,KAZ,physint,5.8122725,.72366685,4.8859792,6.7385659
2019,KAZ,physint,5.1102357,.71566951,4.1941786,6.0262928
2020,KAZ,physint,5.2209582,.76347506,4.24371,6.1982064
2021,KAZ,physint,4.9427857,.70896423,4.0353117,5.8502598
2017,KGZ,physint,6.5890422,.76362073,5.6116076,7.5664768
2018,KGZ,physint,6.7918506,.75188351,5.8294396,7.7542615
2019,KGZ,physint,6.8665404,.7800349,5.8680959,7.864985
2020,KGZ,physint,6.4191327,.74188989,5.4695134,7.368752
2021,KGZ,physint,6.0823755,.76179361,5.1072798,7.0574713
2019,KIR,physint,7.4477205,.97293162,6.2023683,8.6930733
2020,KIR,physint,7.5773854,.79277503,6.5626335,8.5921373
2021,KIR,physint,7.8724031,.8705917,6.7580457,8.9867601
2017,KOR,physint,7.2028823,.9092316,6.0390658,8.3666992
2018,KOR,physint,8.0439816,.8445394,6.9629712,9.1249924
2019,KOR,physint,8.3114643,.87456715,7.1920185,9.4309101
2020,KOR,physint,8.1377411,.74755198,7.1808743,9.0946074
2021,KOR,physint,8.2652664,.75757092,7.2955756,9.2349567
2017,LBR,physint,5.8161044,.75596511,4.8484693,6.7837396
2018,LBR,physint,6.6180897,.83833176,5.5450249,7.6911545
2019,LBR,physint,5.2368641,.84560937,4.1544843,6.3192439
2020,LBR,physint,5.2558103,.89066535,4.1157584,6.3958621
2021,LBR,physint,6.3601441,.9710232,5.1172342,7.603054
2017,MEX,physint,2.0245345,.73613489,1.0822818,2.9667871
2018,MEX,physint,1.9890026,.80870926,.95385474,3.0241504
2019,MEX,physint,2.4271507,.73557079,1.4856201,3.3686814
2020,MEX,physint,2.9530883,.84041595,1.8773558,4.0288205
2021,MEX,physint,4.0267859,.7253952,3.09828,4.9552917
2019,MHL,physint,6.5896473,.99538565,5.3155537,7.8637409
2020,MHL,physint,5.7494073,.80009103,4.7252908,6.7735238
2017,MOZ,physint,4.074111,.81543136,3.0303588,5.1178632
2018,MOZ,physint,4.1364689,.71525043,3.2209482,5.0519896
2019,MOZ,physint,3.9955363,.76232654,3.0197585,4.9713144
2020,MOZ,physint,3.2977526,.80010825,2.2736142,4.3218913
2021,MOZ,physint,3.6740274,.76318133,2.6971552,4.6508994
2019,MYS,physint,6.2636881,.77861238,5.2670641,7.2603121
2020,MYS,physint,6.5869746,.73789078,5.6424747,7.5314746
2021,MYS,physint,6.8781943,.91306567,5.7094703,8.0469189
2018,NCL,physint,8.3543053,.78500062,7.3495045,9.3591061
2019,NCL,physint,8.0134315,.78978556,7.0025063,9.0243568
2020,NCL,physint,7.8362379,.75565356,6.8690014,8.8034744
2021,NCL,physint,7.8277164,.80063546,6.8029032,8.8525295
2018,NIU,physint,8.1953974,.85142791,7.1055698,9.2852249
2019,NIU,physint,8.6550245,.78589737,7.649076,9.6609735
2020,NIU,physint,8.5933285,.83399063,7.5258203,9.6608362
2019,MNP,physint,6.9872317,1.0261184,5.6738,8.300663
2020,MNP,physint,7.196538,1.0244011,5.8853045,8.5077715
2017,NPL,physint,6.459815,.96168673,5.2288561,7.690774
2018,NPL,physint,6.4407172,.77626681,5.4470959,7.4343386
2019,NPL,physint,5.9983716,.73408061,5.0587482,6.937995
2020,NPL,physint,6.4148183,.71975148,5.4935365,7.3361001
2018,NRU,physint,6.8081627,.91159326,5.6413231,7.9750023
2019,NRU,physint,6.9079442,.85212576,5.8172231,7.9986653
2017,NZL,physint,7.5434799,.73706347,6.6000385,8.4869213
2018,NZL,physint,7.6184225,.73617041,6.6761246,8.5607204
2019,NZL,physint,7.6225824,.74052846,6.674706,8.5704584
2020,NZL,physint,7.7076073,.74478364,6.7542844,8.6609306
2021,NZL,physint,7.7963719,.75821441,6.8258576,8.7668867
2018,PNG,physint,5.5626063,.92228097,4.3820868,6.7431259
2019,PNG,physint,5.5272913,.79734844,4.5066853,6.5478973
2020,PNG,physint,6.0454898,.7427541,5.0947647,6.9962149
2021,PNG,physint,5.6188416,1.1077263,4.2009521,7.0367312
2019,PYF,physint,8.02565,.76655483,7.0444598,9.0068398
2020,PYF,physint,7.9822865,.77767771,6.9868588,8.9777136
2021,PYF,physint,7.9484334,.80134052,6.9227176,8.9741497
2017,SAU,physint,2.7426786,.95593256,1.5190849,3.9662724
2018,SAU,physint,2.3645799,.78506655,1.3596947,3.3694651
2019,SAU,physint,2.3816955,.85224599,1.2908206,3.4725704
2020,SAU,physint,2.5805621,.74260002,1.6300341,3.5310903
2021,SAU,physint,2.5924079,.83852553,1.5190953,3.6657207
2018,SLB,physint,7.012579,1.5906433,4.9765553,9.0486021
2019,SLB,physint,6.279037,1.0969005,4.8750043,7.6830697
2020,SLB,physint,7.5354767,.83987975,6.4604306,8.6105232
2018,TON,physint,6.4817424,.79682684,5.4618039,7.5016809
2019,TON,physint,6.4124074,.93245363,5.2188668,7.605948
2020,TON,physint,7.7861767,.75310266,6.8222051,8.7501478
2021,TON,physint,7.7075858,.7450158,6.7539654,8.6612062
2020,TUV,physint,8.0377321,1.1309379,6.5901318,9.4853325
2021,TUV,physint,8.3520947,1.0454172,7.0139608,9.6902285
2019,TWN,physint,8.0426702,.75127918,7.0810328,9.0043077
2020,TWN,physint,7.6813707,.72314012,6.7557516,8.6069899
2021,TWN,physint,7.6635242,.7357946,6.7217069,8.605341
2017,USA,physint,4.4723721,.74317324,3.5211103,5.4236336
2018,USA,physint,4.3954844,.72186559,3.4714966,5.3194723
2019,USA,physint,4.5973449,.75391948,3.632328,5.5623617
2020,USA,physint,4.1220112,.74952984,3.1626129,5.0814095
2021,USA,physint,4.2978954,.83885276,3.224164,5.3716269
2017,VEN,physint,3.265635,.93332368,2.0709808,4.4602895
2018,VEN,physint,2.5688832,.76810616,1.5857073,3.5520592
2019,VEN,physint,2.1336346,.75182229,1.1713021,3.0959671
2020,VEN,physint,2.501426,.72768945,1.5699835,3.4328685
2021,VEN,physint,2.1368971,.72132695,1.2135986,3.0601957
2017,VNM,physint,4.4205918,.81062984,3.3829856,5.4581981
2018,VNM,physint,3.9052706,.72791898,2.9735343,4.837007
2019,VNM,physint,3.6464498,.71502942,2.7312121,4.5616875
2020,VNM,physint,5.0314889,.70086116,4.1343865,5.9285913
2021,VNM,physint,5.2757525,.76285475,4.2992983,6.2522068
2019,VUT,physint,7.2796669,1.1787778,5.7708311,8.7885027
2020,VUT,physint,6.7403698,.7710346,5.7534456,7.727294
2018,WSM,physint,6.79073,1.0727695,5.4175849,8.1638746
2019,WSM,physint,7.8997874,.78640002,6.8931956,8.9063797
2020,WSM,physint,8.1883059,.76692015,7.2066479,9.1699638
2021,WSM,physint,7.9880457,.74041593,7.0403132,8.9357777
2017,AGO,empower,3.5574102,.8029635,2.5296171,4.5852036
2018,AGO,empower,5.0678368,.66855437,4.2120872,5.9235864
2019,AGO,empower,4.763875,.72051781,3.8416121,5.6861377
2020,AGO,empower,3.5248284,.68137258,2.6526716,4.3969855
2021,AGO,empower,4.1307831,1.2509663,2.5295463,5.7320199
2019,ASM,empower,8.2857656,.73330832,7.3471308,9.2244005
2017,AUS,empower,7.6424742,.7219696,6.7183533,8.5665951
2018,AUS,empower,7.2418809,.66001374,6.3970633,8.0866985
2019,AUS,empower,7.1183004,.65801483,6.2760415,7.9605594
2020,AUS,empower,6.8423562,.64798588,6.0129342,7.6717782
2021,AUS,empower,6.9525528,.67943174,6.08288,7.8222256
2017,BRA,empower,5.7344837,.73092282,4.7989025,6.6700649
2018,BRA,empower,5.7031245,.64796793,4.8737254,6.5325236
2019,BRA,empower,5.2935023,.63630331,4.4790339,6.1079707
2020,BRA,empower,5.4267826,.64986026,4.5949616,6.2586036
2021,BRA,empower,5.4209924,.74316645,4.4697394,6.3722453
2020,CHN,empower,2.1503694,.65553463,1.3112851,2.9894538
2021,CHN,empower,2.0778809,.66982448,1.2205055,2.9352562
2017,COD,empower,2.8917406,1.1418254,1.430204,4.3532772
2018,COD,empower,3.3557146,.68447119,2.4795914,4.2318377
2019,COD,empower,5.7078471,.74455249,4.7548199,6.6608744
2020,COD,empower,5.6012578,.81578797,4.5570493,6.6454663
2021,COD,empower,5.8432593,1.1025437,4.4320035,7.2545152
2018,COK,empower,7.9573517,.71423763,7.0431275,8.8715763
2019,COK,empower,7.7966757,.65278727,6.9611082,8.6322432
2020,COK,empower,7.6061411,.73685265,6.6629696,8.5493126
2021,COK,empower,7.5815072,.71600312,6.6650233,8.4979916
2017,FJI,empower,3.9955277,.72657645,3.0655098,4.9255457
2018,FJI,empower,4.4494376,.67009062,3.5917215,5.3071537
2019,FJI,empower,4.4316907,.66642916,3.5786614,5.2847199
2020,FJI,empower,5.0973802,.68396473,4.2219052,5.9728551
2021,FJI,empower,5.7869029,.7075029,4.881299,6.6925068
2019,FSM,empower,8.4688911,.80315167,7.4408569,9.4969254
2020,FSM,empower,7.5886025,.73947155,6.6420789,8.5351257
2017,GBR,empower,7.6492262,.74500614,6.6956182,8.6028337
2018,GBR,empower,7.1437783,.64968491,6.3121815,7.9753752
2019,GBR,empower,6.9519076,.66014177,6.106926,7.7968893
2020,GBR,empower,6.2130184,.66549832,5.3611808,7.0648561
2021,GBR,empower,5.3937626,.6991747,4.4988189,6.2887063
2018,GUM,empower,7.8713078,.74159318,6.9220686,8.8205471
2019,GUM,empower,7.8183422,.66353095,6.9690228,8.6676617
2020,GUM,empower,7.5299945,.86441934,6.4235377,8.6364517
2019,HKG,empower,4.375248,.66700935,3.521476,5.2290201
2020,HKG,empower,3.0794289,.66214746,2.2318802,3.9269776
2021,HKG,empower,2.4965227,.68129689,1.6244626,3.3685827
2020,IND,empower,4.3826532,.66564173,3.5306318,5.2346745
2021,IND,empower,4.4594493,.72404695,3.5326693,5.3862295
2017,JOR,empower,4.3825393,.76526934,3.4029946,5.3620839
2018,JOR,empower,4.247489,.73073292,3.312151,5.182827
2019,JOR,empower,4.1848311,.69996548,3.2888753,5.0807872
2020,JOR,empower,3.9829488,.67561847,3.1181571,4.8477407
2021,JOR,empower,4.6709909,.74102741,3.7224758,5.6195059
2017,KAZ,empower,2.188,.73931807,1.2416729,3.1343272
2018,KAZ,empower,3.0338864,.65947956,2.1897526,3.8780203
2019,KAZ,empower,3.2953739,.63753092,2.4793344,4.1114135
2020,KAZ,empower,3.4698813,.64061266,2.6498971,4.2898655
2021,KAZ,empower,3.8971179,.71967286,2.9759367,4.8182993
2017,KGZ,empower,4.8220272,.74353439,3.8703032,5.7737513
2018,KGZ,empower,5.9732037,.67842597,5.1048183,6.841589
2019,KGZ,empower,5.2169161,.65488368,4.378665,6.0551672
2020,KGZ,empower,5.0671239,.68755704,4.1870508,5.947197
2021,KGZ,empower,5.5875177,.88355756,4.4565639,6.7184715
2019,KIR,empower,6.9179478,.81509763,5.8746228,7.9612727
2020,KIR,empower,7.0477161,.7210688,6.1247482,7.9706841
2017,KOR,empower,7.5684047,.71732771,6.6502252,8.4865837
2018,KOR,empower,7.324791,.70532376,6.4219766,8.2276058
2019,KOR,empower,7.0970349,.68611789,6.2188039,7.975266
2020,KOR,empower,6.6201725,.70304531,5.7202744,7.5200706
2021,KOR,empower,7.0944328,.74584824,6.1397471,8.049119
2017,LBR,empower,8.9959908,1.0094575,7.7038851,10.288096
2018,LBR,empower,6.6504455,.67758334,5.7831388,7.5177522
2019,LBR,empower,4.7061548,.67782378,3.8385403,5.5737691
2020,LBR,empower,4.7536421,.71370912,3.8400943,5.6671896
2017,MEX,empower,4.8087282,.75743783,3.8392079,5.7782488
2018,MEX,empower,5.6010332,.66775024,4.7463131,6.4557533
2019,MEX,empower,5.9261913,.65879852,5.0829291,6.7694535
2020,MEX,empower,5.6740761,.65506154,4.8355975,6.5125546
2021,MEX,empower,5.6856956,.6953066,4.7957034,6.5756879
2017,MOZ,empower,4.2691259,.90309358,3.1131661,5.4250855
2018,MOZ,empower,4.7405543,.69290322,3.8536382,5.6274705
2019,MOZ,empower,4.3318787,.65938622,3.4878643,5.1758928
2020,MOZ,empower,5.3785372,.68819886,4.4976425,6.2594318
2021,MOZ,empower,5.0096054,.82212716,3.9572825,6.0619283
2019,MYS,empower,6.2117972,.67789918,5.3440862,7.0795083
2020,MYS,empower,4.3457279,.66029084,3.5005558,5.1909003
2021,MYS,empower,4.8675227,.81867218,3.8196223,5.9154229
2018,NCL,empower,7.5201955,.72323745,6.5944514,8.4459391
2019,NCL,empower,8.0073614,.68672806,7.1283493,8.8863735
2020,NCL,empower,8.0127888,.69469887,7.1235743,8.9020033
2021,NCL,empower,7.5568943,.80870891,6.5217471,8.592042
2018,NIU,empower,8.33004,.76504982,7.3507762,9.3093033
2019,NIU,empower,8.5211258,.67450458,7.6577601,9.3844919
2020,NIU,empower,8.1563234,.70028883,7.2599535,9.0526934
2018,MNP,empower,7.8333812,.90818757,6.6709013,8.9958611
2019,MNP,empower,7.5358763,.7436046,6.5840626,8.48769
2020,MNP,empower,6.7692227,.87582582,5.6481657,7.8902798
2017,NPL,empower,5.9966502,1.2763259,4.3629532,7.6303473
2018,NPL,empower,5.8299813,.68543279,4.9526272,6.7073355
2019,NPL,empower,5.3921289,.67010278,4.5343976,6.2498603
2020,NPL,empower,5.604712,.77373749,4.6143279,6.5950961
2021,NPL,empower,6.1425314,1.0492802,4.7994528,7.48561
2018,NRU,empower,5.2183275,.92377299,4.0358982,6.4007568
2019,NRU,empower,4.8332386,.84246629,3.7548819,5.9115953
2017,NZL,empower,8.1242828,.7664969,7.143167,9.1053991
2018,NZL,empower,7.9443865,.66030174,7.0992002,8.7895727
2019,NZL,empower,7.9308286,.64437991,7.1060224,8.7556353
2020,NZL,empower,7.553123,.65664178,6.7126217,8.3936243
2021,NZL,empower,7.9549899,.82673383,6.8967705,9.0132093
2018,PNG,empower,6.6251249,.69147164,5.7400413,7.5102086
2019,PNG,empower,7.0411429,.66264701,6.1929545,7.8893313
2020,PNG,empower,6.8723307,.6949333,5.9828162,7.7618451
2021,PNG,empower,6.3265252,.71149057,5.4158173,7.2372332
2019,PYF,empower,6.9864931,.80451983,5.956708,8.0162783
2020,PYF,empower,6.7138467,.83371723,5.6466885,7.7810049
2021,PYF,empower,6.7439971,1.0080079,5.4537468,8.0342474
2017,SAU,empower,1.0101452,1.105646,-.40508172,2.4253721
2018,SAU,empower,1.8076363,.68201083,.9346624,2.6806102
2019,SAU,empower,2.0570095,.68356222,1.1820499,2.9319692
2020,SAU,empower,2.0808506,.66693419,1.2271749,2.9345264
2021,SAU,empower,2.4032068,.67988878,1.5329492,3.2734644
2020,SLB,empower,3.4106479,.87489504,2.2907822,4.5305133
2018,TON,empower,7.6235147,.7219699,6.6993933,8.547636
2019,TON,empower,7.5577364,.7023769,6.6586938,8.4567785
2020,TON,empower,7.9732246,.67656094,7.1072268,8.8392229
2021,TON,empower,8.0455627,.68924397,7.1633306,8.9277954
2020,TUV,empower,7.7982588,.78424388,6.7944264,8.8020906
2021,TUV,empower,7.8629122,.67352116,7.0008049,8.7250195
2019,TWN,empower,7.3966556,.6530422,6.5607615,8.2325497
2020,TWN,empower,7.3092952,.64328361,6.4858923,8.1326981
2021,TWN,empower,7.060698,.64040613,6.2409782,7.8804178
2017,USA,empower,5.7058477,.68245518,4.832305,6.5793905
2018,USA,empower,6.1813807,.6567291,5.3407674,7.0219941
2019,USA,empower,6.0796371,.6381231,5.2628393,6.8964348
2020,USA,empower,5.4198227,.64649248,4.5923123,6.247333
2021,USA,empower,6.069962,.70091504,5.172791,6.967133
2017,VEN,empower,2.5711732,.96923554,1.3305517,3.8117948
2018,VEN,empower,3.1091859,.67435175,2.2460158,3.9723561
2019,VEN,empower,3.1495984,.6440075,2.3252687,3.973928
2020,VEN,empower,3.1939158,.64337832,2.3703916,4.0174403
2021,VEN,empower,3.0922153,.70805728,2.1859019,3.9985287
2017,VNM,empower,1.9063452,.79557598,.888008,2.9246826
2018,VNM,empower,2.640003,.64880604,1.8095312,3.4704747
2019,VNM,empower,3.0928788,.64356345,2.2691176,3.91664
2020,VNM,empower,3.0290575,.66628194,2.1762166,3.8818984
2021,VNM,empower,2.9777017,.64861494,2.1474745,3.8079288
2018,WSM,empower,7.1098914,.86202729,6.0064964,8.2132864
2019,WSM,empower,7.4232421,.68987554,6.5402012,8.306283
2020,WSM,empower,7.0663462,.72493011,6.1384358,7.9942565
2021,WSM,empower,5.1370878,.80101818,4.1117845,6.1623912
